0.984467
50.8081
1600.26
834.737
0.0060564
0.0082153
0.0343791
0.000226773
0.0100407
0.000117505
3.91685e-05
0.027756
0.398636
21.4936
33.82
0.000603214
328.842
289.389
0.176628
0.176773
0.057422
0.057706
0.775451
0.0208699
0.0278838
230
185.296
4.56979
3.88777
0.59376
0.0065605
0.176692
0.176407
0.0746356
0.0575181
7.18762e+07
7.18762e+07
7.18762e+07
7.18762e+07
7.18762e+07
7.18762e+07
7.18762e+07
7.18762e+07
7.18762e+07
7.18762e+07
7.18762e+07
7.18762e+07
7.18762e+07
7.18762e+07
7.18762e+07
7.18762e+07
7.18762e+07
7.18762e+07
7.18762e+07
7.18762e+07
7.18762e+07
7.18762e+07
7.18762e+07
7.18762e+07
7.18762e+07
7.18762e+07
7.18762e+07
7.18762e+07
7.18762e+07
7.18762e+07
7.18762e+07
7.18762e+07
7.18762e+07
7.18762e+07
7.18762e+07
7.18762e+07
7.18762e+07
7.18762e+07
7.18762e+07
7.18762e+07
7.18762e+07
7.18762e+07
7.18762e+07
7.18762e+07
7.18762e+07
7.18762e+07
7.18762e+07
7.18762e+07
7.18762e+07
7.18762e+07
7.18762e+07
7.18762e+07
7.18762e+07
7.18762e+07
7.18762e+07
7.18762e+07
7.18762e+07
7.18762e+07
7.18762e+07
7.18762e+07
7.18762e+07
7.18762e+07
7.18762e+07
7.18762e+07
7.18762e+07
7.18762e+07
7.18762e+07
7.18762e+07
7.18762e+07
7.18762e+07
7.18762e+07
7.18762e+07
7.18762e+07
7.18762e+07
7.18762e+07
7.18762e+07
7.18762e+07
7.18762e+07
7.18762e+07
7.18762e+07
7.18762e+07
7.18762e+07
7.18762e+07
7.18762e+07
7.18762e+07
7.18762e+07
7.18762e+07
7.18762e+07
7.18762e+07
7.18762e+07
7.18762e+07
7.18762e+07
7.18762e+07
7.18762e+07
7.18762e+07
7.18762e+07
7.18762e+07
7.18762e+07
7.18762e+07
7.18762e+07
7.18762e+07
7.18762e+07
7.18762e+07
7.18762e+07
7.18762e+07
7.18762e+07
7.18762e+07
7.18762e+07
7.18762e+07
7.18762e+07
7.18762e+07
7.18762e+07
7.18762e+07
7.18762e+07
7.18762e+07
7.18762e+07
7.18762e+07
7.18762e+07
7.18762e+07
7.18762e+07
7.18762e+07
7.18762e+07
7.18762e+07
7.18762e+07
7.18762e+07
7.18762e+07
7.18762e+07
7.18762e+07
7.18762e+07
7.18762e+07
7.18762e+07
7.18762e+07
7.18762e+07
7.18762e+07
7.18762e+07
7.18762e+07
7.18762e+07
7.18762e+07
7.18762e+07
7.18762e+07
