1051224
1051224
1048576
1051224
1050624
1051224
1051224
1051224
1051224
1051224
1051224
1051224
1051224
1051224
1051224
1051224
1048576
1051224
1051224
1051224
1048576
1051224
1051224
1051224
1054232
1053632
1051224
1051224
1048576
1051224
1048576
1051224
1051224
1051224
1051336
1051224
1051224
1051224
1048576
1051224
1051224
1051224
1048576
1056144
1053264
1051224
1050624
1051224
1048576
1051224
1048576
1051224
1050624
1051224
1051232
1051224
1051224
1051224
1050624
1051224
1053136
1051944
1052664
1051824
1051224
1051224
1051224
1051224
1051224
1051224
1048576
1051224
1051944
1051240
1051240
1051224
1051224
1051224
1050624
1051704
