19924992
9439232
19924992
9439232
19924992
9439232
19924992
9439232
19924992
9439232
19924992
9439232
19924992
9439232
19924992
9439232
19924992
9439232
19924992
9439232
19924992
9439232
19924992
9439232
19924992
9439232
19924992
9439232
19924992
9439232
19924992
9439232
19924992
9439232
19924992
9439232
19924992
9439232
19924992
9439232
19924992
9439232
19924992
9439232
19924992
9439232
19924992
9439232
19924992
9439232
19924992
9439232
19924992
9439232
19924992
9439232
19924992
9439232
19924992
9439232
19924992
9439232
19924992
9439232
19924992
9439232
19924992
9439232
19924992
9439232
19924992
9439232
19924992
9439232
19924992
9439232
19924992
9439232
19924992
9439232
