79.2
34.3
33.6
59.9
334.3
145.3
335.6
237.4
84.2
293.8
6.9
46.5
86.6
11.1
259.2
110.4
74.6
78.2
88.5
257.0
9.8
177.8
195.4
256.9
24.5
199.9
94.5
276.5
79.9
135.3
72.4
342.0
163.9
162.1
195.0
301.0
344.5
27.8
342.9
164.4
300.5
117.1
164.3
21.6
140.9
193.1
327.5
255.3
289.4
90.7
20.4
197.4
115.0
176.9
213.1
212.3
114.5
33.0
166.8
177.4
259.7
351.6
240.5
35.1
53.2
309.1
10.2
38.6
66.9
241.1
97.7
284.5
232.7
4.0
163.7
57.1
200.2
176.5
65.4
150.2
190.0
355.5
113.0
316.2
336.2
29.7
214.0
270.7
175.4
50.9
54.4
336.2
63.0
326.7
144.3
288.5
8.3
162.6
250.9
350.1
45.6
111.5
162.3
46.8
204.4
82.5
51.0
113.0
354.9
243.0
37.3
64.3
281.4
131.8
338.1
213.5
143.3
117.6
287.6
20.1
244.7
61.4
351.9
48.6
128.8
192.7
278.8
135.5
162.6
127.7
23.5
192.2
183.6
110.8
266.3
0.9
226.7
226.4
171.6
244.0
276.7
134.2
332.5
122.0
267.5
213.4
40.9
170.7
8.1
38.4
310.5
69.1
95.2
235.4
303.7
183.2
119.3
13.3
49.4
202.6
74.5
242.9
295.7
304.3
58.8
138.8
298.1
109.9
54.2
213.5
192.0
219.3
274.0
2.8
176.6
171.1
262.9
239.4
281.5
78.3
351.5
311.7
154.6
63.9
333.4
148.9
307.2
206.8
300.0
95.6
131.3
286.7
287.0
344.7
156.7
111.1
102.9
200.0
313.5
19.3
197.4
196.7
12.3
51.0
343.0
253.1
216.5
181.3
110.2
333.1
316.1
151.1
2.0
320.9
60.0
160.7
135.8
265.9
87.8
290.0
173.4
174.5
158.1
109.5
180.0
78.3
250.2
54.7
249.2
224.5
328.9
257.2
352.8
90.6
35.2
188.9
114.9
41.7
105.9
65.1
11.0
157.2
4.1
215.7
170.5
101.8
280.9
45.4
350.9
278.0
36.0
39.5
286.6
316.1
324.2
298.0
66.5
309.8
188.7
284.8
289.4
351.8
334.1
39.6
11.6
133.0
53.7
137.5
112.6
143.4
77.1
222.1
249.6
319.0
241.2
131.0
348.9
23.6
92.8
40.8
258.4
7.4
164.7
206.9
311.2
280.9
151.3
152.7
274.4
332.6
130.3
157.3
83.7
221.3
132.6
154.6
57.5
50.4
120.4
192.8
95.8
296.4
113.8
171.5
348.2
268.9
304.5
130.8
235.5
136.1
245.1
289.6
125.8
54.2
83.4
170.1
178.9
199.5
277.0
258.3
78.4
128.7
81.2
346.2
156.2
310.5
40.5
221.0
197.8
140.5
354.0
165.9
151.0
247.0
269.9
339.9
3.0
147.8
52.9
78.5
77.6
17.6
349.9
137.3
352.1
212.1
122.0
169.9
208.5
160.1
303.7
321.7
98.3
250.3
157.2
308.1
134.5
295.6
202.9
101.6
336.3
258.0
357.2
282.6
51.5
107.8
146.6
155.7
309.1
103.2
292.9
227.7
179.4
113.1
237.6
64.4
230.2
230.0
59.4
348.8
66.4
0.1
86.2
287.9
103.0
244.1
240.1
21.0
15.7
259.7
205.3
57.4
113.2
9.8
306.2
200.8
41.7
335.9
299.2
71.3
244.6
59.6
170.6
292.5
287.6
344.3
25.6
190.0
282.5
285.8
262.4
25.5
67.8
278.5
175.3
298.6
343.9
230.3
29.4
254.2
94.8
193.2
124.0
275.4
153.5
77.2
26.3
314.1
61.2
96.3
198.1
307.6
268.5
151.8
25.0
305.7
113.5
139.7
311.4
205.1
82.0
168.9
316.7
138.0
55.3
138.0
152.9
323.1
149.9
201.4
128.2
33.3
87.5
203.1
47.9
299.4
190.3
132.2
50.5
191.6
53.9
238.2
314.9
206.7
46.9
204.8
356.6
329.4
28.0
158.5
120.2
261.5
2.3
50.4
213.9
146.3
302.7
104.0
10.2
131.4
344.1
344.3
177.0
176.1
352.8
216.3
107.3
294.3
295.1
199.4
127.6
234.4
332.9
140.7
156.3
283.7
232.7
112.3
202.2
225.2
158.6
353.6
130.2
346.1
263.6
34.2
30.9
323.7
269.0
1.3
118.2
305.6
267.1
291.8
99.7
171.6
295.3
103.0
80.1
213.3
27.8
171.5
309.6
220.2
341.1
61.2
1.7
106.5
175.5
186.6
253.6
257.0
169.4
35.6
160.9
245.9
190.4
239.9
138.3
199.6
304.3
123.0
344.7
2.0
137.0
73.1
271.4
97.2
250.9
212.9
99.6
29.9
331.8
136.8
72.7
289.8
265.2
207.3
125.9
321.0
88.5
308.8
223.2
229.8
295.3
122.1
249.3
124.1
26.6
41.6
67.1
128.2
193.9
113.5
262.5
39.4
72.5
352.9
188.8
22.4
40.1
305.4
70.1
147.9
110.2
250.6
0.2
126.1
269.2
57.8
112.1
300.8
4.9
276.0
154.9
225.8
250.0
350.8
319.4
79.2
1.8
259.4
334.9
51.3
289.6
142.6
28.1
268.3
132.6
248.7
304.1
133.2
4.3
237.0
82.7
198.8
321.8
114.2
313.8
262.3
326.3
24.4
5.1
231.7
271.4
107.3
286.0
353.9
322.5
148.4
121.2
318.8
165.3
180.7
244.6
78.4
222.4
135.1
179.3
336.6
233.0
118.3
344.4
258.8
244.2
127.8
53.4
1.1
122.4
172.3
13.1
289.3
44.8
218.0
342.3
142.0
164.7
182.6
269.3
237.8
256.2
112.9
43.8
218.2
337.2
52.9
338.2
154.9
219.6
321.1
209.2
189.9
63.3
338.2
56.1
154.4
334.0
4.1
174.1
316.4
99.1
15.0
277.6
90.7
344.0
183.6
73.9
90.2
31.2
28.1
13.4
155.4
318.2
272.5
261.3
159.5
183.0
107.2
238.7
298.2
140.2
47.4
321.4
154.0
104.7
130.6
135.0
226.2
8.6
154.3
310.4
14.6
200.7
308.8
257.6
260.6
152.0
156.4
143.1
155.1
28.6
174.9
46.6
64.6
240.3
198.9
348.6
217.0
45.1
256.7
105.6
232.5
287.5
334.1
38.3
108.4
301.9
319.3
36.1
100.7
33.9
38.8
256.4
188.6
253.3
280.0
287.1
55.3
151.9
161.4
226.5
158.3
201.6
282.5
101.7
202.5
319.6
112.6
45.9
144.0
159.0
251.9
144.7
30.8
63.3
84.8
178.9
206.8
123.2
236.5
110.1
319.0
93.9
282.3
245.9
55.0
5.1
281.2
238.1
153.7
166.8
314.1
75.4
320.4
167.8
182.0
135.1
211.0
59.3
269.5
212.6
72.0
82.1
268.4
250.6
15.1
340.6
297.3
30.5
286.1
3.3
132.1
339.3
188.7
237.7
289.8
3.4
52.4
324.6
32.1
310.6
17.3
146.4
8.7
252.0
194.5
165.7
253.5
134.2
139.9
92.3
94.0
100.8
204.6
88.4
222.5
351.6
172.4
2.5
58.2
181.4
234.1
92.3
142.5
60.5
118.1
49.4
183.5
20.8
114.2
348.2
33.6
119.3
53.3
250.1
314.5
208.9
341.4
325.1
16.4
102.9
3.2
204.0
68.8
72.9
223.2
36.5
268.0
295.3
190.9
132.8
53.2
124.3
129.2
222.0
254.4
143.0
157.5
189.8
43.5
82.5
188.1
86.7
346.3
256.3
33.3
24.3
33.4
28.4
308.4
121.6
131.7
141.3
253.6
144.1
109.7
60.2
4.9
86.9
219.3
279.0
213.2
90.3
148.0
128.3
87.7
208.8
261.2
333.5
255.2
27.8
338.5
260.1
262.0
225.8
353.8
49.9
232.4
30.1
208.7
180.5
336.0
219.8
232.3
284.5
123.6
300.7
206.1
277.5
143.5
286.8
186.2
260.2
168.8
292.2
146.1
259.7
163.8
70.8
233.7
192.3
88.5
150.0
300.3
120.3
62.9
137.4
204.7
28.1
139.0
50.4
291.9
239.3
268.4
78.9
184.4
48.3
133.2
206.0
270.2
36.0
111.0
337.9
8.1
319.6
315.1
349.9
84.6
111.7
323.2
150.0
44.1
283.5
153.1
270.3
279.5
50.7
86.1
167.9
178.1
327.8
224.5
215.9
350.2
284.3
11.2
275.3
239.4
108.3
44.7
156.8
348.3
279.3
242.9
315.2
111.7
193.1
190.7
333.6
92.3
108.9
109.1
101.1
310.6
343.3
306.9
91.0
225.8
340.1
257.8
101.2
33.8
282.8
292.3
345.0
237.8
302.1
20.6
329.7
312.6
116.0
292.9
70.4
327.0
155.2
302.1
19.2
1.6
335.3
258.4
5.3
56.1
164.6
327.6
218.4
40.7
285.6
190.2
24.5
57.5
175.8
245.0
274.0
319.5
151.8
82.3
343.8
66.0
160.2
93.5
337.1
300.0
263.6
264.8
183.9
74.8
2.4
258.9
234.9
253.8
166.6
63.5
154.3
30.7
179.6
157.2
213.1
143.4
340.3
50.7
67.6
62.5
357.8
43.0
85.9
327.1
16.2
275.0
91.3
102.0
23.3
242.0
313.3
273.9
115.2
33.5
144.3
45.0
30.3
307.4
228.2
310.9
218.2
332.9
233.5
115.7
141.7
244.9
74.7
151.2
173.3
300.1
198.8
271.8
346.1
58.0
272.5
93.0
92.4
142.7
294.0
352.6
111.3
208.3
342.1
346.3
169.0
288.5
212.9
108.2
277.6
137.1
308.9
352.0
148.1
268.2
64.6
54.5
186.1
120.9
193.3
101.1
353.2
256.3
183.7
54.2
258.4
226.9
296.8
96.7
247.1
105.4
51.0
155.8
139.5
296.7
281.9
126.3
279.7
155.8
120.7
290.3
302.9
196.6
124.5
187.5
213.6
193.1
68.1
294.5
187.4
247.6
213.0
226.9
194.4
201.7
345.3
262.8
344.0
129.9
42.9
295.2
88.8
10.4
175.9
186.7
336.4
307.4
329.1
76.2
296.5
253.8
138.2
264.5
2.2
279.0
106.2
119.7
143.3
345.8
157.7
214.6
211.1
210.3
173.7
178.5
185.9
6.4
10.2
222.8
46.0
213.9
44.6
146.2
152.7
198.5
327.7
319.5
80.0
231.3
71.7
292.4
348.9
158.7
307.1
46.9
156.6
112.8
152.9
188.2
75.8
118.6
261.1
134.2
153.6
168.4
331.8
215.3
7.5
96.6
237.0
201.2
43.7
184.3
2.3
230.2
137.3
149.1
275.9
232.0
267.4
81.5
71.8
12.5
257.1
2.0
30.8
26.2
313.4
274.8
169.7
323.6
221.8
161.4
97.5
285.3
76.3
84.7
305.9
85.6
197.0
20.7
85.0
22.4
291.7
151.0
165.3
335.6
17.7
280.7
136.1
252.8
155.5
105.6
201.2
195.6
223.0
127.5
150.7
58.4
295.6
25.9
251.5
62.0
164.3
82.7
139.6
124.8
268.1
25.9
328.1
24.2
171.9
76.0
17.5
99.3
13.7
94.3
74.7
335.8
163.7
145.2
61.8
270.3
271.9
195.1
22.1
60.6
202.2
219.8
303.8
264.3
87.5
72.4
313.2
256.1
242.6
315.6
44.2
352.3
99.3
169.5
15.3
59.1
256.1
283.0
140.9
61.4
116.8
86.0
330.7
81.9
322.0
131.3
144.2
153.3
153.6
198.0
12.4
133.4
145.7
311.6
128.5
297.6
358.0
73.6
189.4
279.3
226.4
280.7
317.7
153.6
147.0
199.0
285.6
235.5
216.1
12.8
285.4
6.5
14.1
227.0
295.8
23.3
140.9
99.9
7.7
190.5
47.0
237.1
341.7
237.9
288.3
93.5
325.7
222.4
103.0
73.3
311.7
150.4
319.1
259.5
267.3
205.4
229.7
270.8
262.5
345.8
308.4
273.3
215.5
27.6
31.2
169.7
268.8
332.5
126.0
112.0
209.7
43.5
64.0
37.3
80.0
223.3
163.3
84.1
41.4
159.4
97.7
130.5
95.5
57.2
80.1
312.2
206.5
44.6
91.7
71.4
18.7
55.5
53.1
99.9
7.6
164.8
63.8
108.6
178.4
313.4
95.2
298.3
240.0
337.7
206.6
193.9
323.4
152.2
270.9
186.8
266.4
127.0
81.0
296.7
291.6
279.4
181.3
153.7
209.9
347.4
217.5
341.6
347.8
96.4
321.1
133.5
159.1
149.4
299.4
314.5
247.4
248.5
114.6
43.7
38.4
287.6
75.4
126.0
161.4
290.2
281.5
50.1
210.0
191.4
320.1
202.6
330.2
197.4
246.5
194.0
67.6
175.2
185.4
98.5
115.5
20.6
15.3
187.1
207.2
56.3
314.3
249.3
317.3
61.7
194.7
319.7
339.9
320.6
64.7
314.9
321.0
60.2
34.2
237.5
305.8
20.9
283.3
111.4
195.6
223.2
69.1
79.0
7.9
271.7
216.3
44.0
93.1
153.0
235.8
314.2
74.5
114.0
141.9
295.2
170.8
174.4
249.5
350.4
4.1
142.5
182.6
208.8
51.0
349.1
162.1
311.8
121.7
89.2
116.4
204.6
300.0
344.1
195.6
242.7
79.5
23.4
294.0
145.8
117.0
33.5
287.8
320.9
270.4
252.7
159.1
337.9
242.9
332.0
105.1
325.4
341.1
218.0
202.2
300.2
335.1
169.3
228.7
326.5
168.4
277.3
222.0
73.2
41.0
242.9
45.3
175.7
16.1
72.5
290.5
311.2
340.8
122.0
325.2
58.2
35.6
291.9
327.3
64.0
72.0
293.2
226.1
114.8
7.7
314.4
63.5
155.1
340.5
134.4
99.1
261.2
31.7
99.8
26.8
283.8
186.1
341.0
68.7
109.4
346.3
189.0
214.6
182.1
108.3
157.0
176.5
357.1
175.2
315.8
246.9
74.5
31.4
132.4
77.9
54.7
290.2
97.1
50.8
273.3
215.0
84.4
60.1
185.3
273.6
96.3
188.6
149.9
259.8
255.0
312.9
93.6
329.0
62.8
75.6
225.0
299.3
126.4
332.1
307.4
106.0
164.1
133.9
347.6
11.4
46.2
81.3
207.5
14.4
1.8
32.5
192.7
98.5
24.9
354.8
112.4
266.6
194.6
241.6
115.7
43.1
221.9
319.2
111.7
2.3
333.0
344.8
176.6
286.8
270.5
169.4
225.0
79.7
40.5
176.7
77.3
10.7
70.7
333.0
35.0
284.5
276.3
252.6
219.6
129.5
133.6
139.9
108.6
225.5
61.9
339.3
207.1
345.9
222.2
120.9
21.3
104.1
174.1
14.5
308.0
315.2
28.9
222.6
135.7
330.6
195.1
90.5
250.7
274.1
285.5
183.0
191.6
347.3
123.5
283.2
29.5
202.4
146.0
145.4
220.4
29.0
286.8
317.4
182.8
139.6
333.3
356.2
183.7
84.1
264.4
326.4
199.2
331.4
81.9
2.1
137.9
109.0
160.0
280.8
84.4
97.1
207.7
345.3
77.0
264.4
1.1
311.6
68.1
42.1
65.8
103.6
256.6
281.1
244.9
13.1
25.7
203.6
87.1
321.8
72.9
337.0
260.8
157.7
120.9
203.6
164.5
156.7
283.5
47.9
239.4
284.0
335.7
341.5
308.2
213.5
6.7
345.6
229.1
105.3
96.3
66.6
347.1
91.2
310.4
298.3
315.3
127.5
346.2
9.5
255.6
75.9
321.2
155.9
252.9
309.6
144.0
36.1
266.6
354.6
182.9
22.9
342.1
156.7
118.5
188.8
189.8
327.6
161.4
351.4
119.3
144.8
102.9
341.6
305.5
337.6
218.4
158.5
213.5
55.9
295.5
283.4
267.4
5.3
13.5
161.2
268.4
244.1
110.7
142.2
172.9
349.2
86.9
187.6
180.1
36.4
90.4
203.7
176.9
11.9
68.6
188.4
213.2
205.8
284.6
328.4
184.9
350.3
169.0
215.0
164.4
343.4
97.1
108.1
31.4
9.1
144.5
59.8
204.6
131.4
38.7
163.7
302.4
262.0
204.0
219.5
42.0
200.3
151.1
284.3
109.3
250.9
118.3
7.6
1.0
68.9
258.8
66.7
152.5
13.4
111.7
162.2
176.1
332.1
308.5
33.3
171.0
105.6
350.7
318.4
211.1
258.8
177.6
318.3
163.3
331.5
53.6
133.9
326.7
332.6
165.6
209.3
88.9
68.0
111.0
349.0
129.4
61.1
296.1
71.9
238.7
34.7
298.0
13.6
286.9
25.2
151.8
241.5
133.2
231.0
57.1
170.0
101.3
80.2
281.9
99.5
313.8
185.6
234.4
203.7
327.8
158.0
101.8
128.2
18.6
9.2
104.4
228.3
1.2
54.6
136.1
314.5
253.0
69.8
171.5
346.8
293.9
28.0
101.9
187.6
342.0
182.7
250.4
130.2
336.7
67.2
216.6
85.6
150.1
66.3
261.2
204.6
264.8
59.8
198.3
176.3
132.8
199.5
145.3
239.0
30.5
189.8
325.3
170.4
83.8
268.3
72.0
133.9
84.8
241.1
99.7
63.9
46.5
142.7
123.9
210.9
221.2
180.0
33.1
125.3
169.4
31.8
118.3
50.4
169.4
57.9
348.8
187.6
78.2
59.9
228.1
214.1
254.7
294.3
201.4
349.3
26.7
338.5
327.9
116.7
104.6
114.2
9.3
296.6
331.0
45.1
329.6
21.3
89.5
171.9
135.2
309.0
94.2
48.1
305.6
141.8
43.8
241.7
125.0
289.4
218.1
277.9
254.5
154.8
22.6
111.4
111.3
40.6
187.7
237.1
285.5
106.0
15.9
214.7
191.7
331.5
91.8
7.0
37.6
10.6
240.7
19.9
143.3
68.7
137.2
38.1
298.4
287.9
324.2
313.5
340.8
341.2
244.7
173.0
254.6
8.1
102.3
52.0
356.7
19.8
240.6
104.9
199.8
141.8
280.1
20.4
265.6
274.6
99.2
164.4
142.3
89.2
342.5
293.0
2.8
33.9
147.5
26.7
101.8
21.3
326.8
134.3
345.8
176.1
128.7
240.7
358.0
285.1
3.1
195.3
39.4
124.4
155.2
275.9
284.8
26.2
320.8
112.0
292.7
77.0
336.4
188.6
276.6
318.0
346.2
287.0
138.0
242.6
102.7
265.9
93.9
200.4
252.2
258.1
351.5
280.6
97.3
268.4
283.3
91.6
303.9
27.1
76.0
309.0
239.6
308.9
114.8
2.5
191.7
320.0
234.3
338.9
102.2
24.6
126.3
317.1
4.3
287.8
330.7
268.3
334.5
81.3
175.1
38.1
234.4
111.5
48.2
157.0
90.9
134.8
122.9
231.1
105.6
310.5
90.1
336.4
218.7
166.0
279.0
346.2
165.3
147.2
195.8
59.0
87.6
168.5
13.5
330.4
158.8
87.6
171.7
57.4
219.6
114.6
150.4
225.9
354.0
98.5
26.7
232.8
2.4
187.8
19.9
106.3
252.2
190.4
153.0
311.8
191.4
330.9
89.2
271.3
312.3
328.3
241.6
0.3
253.7
60.6
246.1
69.0
215.0
88.6
308.2
32.4
211.0
220.0
314.2
50.7
151.1
342.0
200.4
188.6
174.1
121.7
116.4
239.8
95.4
314.0
262.7
199.5
216.8
76.6
235.7
328.0
47.3
312.4
348.4
215.5
214.8
168.1
159.0
137.1
329.1
233.7
279.3
262.1
40.7
40.7
225.8
123.4
20.4
94.8
276.6
342.5
290.3
313.4
333.9
275.0
222.5
282.9
357.4
336.9
3.2
180.2
186.3
239.2
340.3
230.5
157.9
165.8
29.9
113.7
115.2
326.6
48.2
131.6
116.8
344.1
235.7
246.8
38.9
246.0
150.3
169.5
133.5
323.5
114.2
105.9
152.7
115.4
47.9
314.8
110.1
329.9
238.6
66.0
288.6
285.9
340.3
312.9
242.9
344.6
296.1
213.9
311.1
221.0
29.0
318.6
208.0
58.3
148.6
262.0
196.7
238.5
158.7
152.0
61.2
153.3
143.1
233.2
4.2
8.4
262.5
204.4
228.0
226.4
332.4
150.3
259.5
183.5
126.5
252.4
192.0
206.9
130.8
62.8
215.9
19.0
233.6
107.7
234.6
90.6
115.2
206.5
219.5
314.7
327.6
202.0
106.5
302.1
101.9
114.9
217.5
127.4
322.2
14.9
251.0
195.4
161.5
184.1
260.9
217.7
329.3
125.8
157.6
118.9
108.1
130.7
79.6
26.9
313.6
340.8
354.6
195.6
254.0
269.4
265.8
116.8
6.1
126.5
167.4
260.9
156.2
96.8
119.6
212.1
96.0
61.3
9.5
91.3
289.0
136.1
211.0
327.1
22.0
335.8
166.4
47.3
95.0
203.3
7.5
102.3
345.0
236.8
348.5
218.4
115.6
32.6
197.6
320.7
165.4
326.0
141.5
49.4
325.0
228.3
212.3
216.5
7.1
165.3
162.4
179.8
239.2
82.8
130.4
230.7
41.9
311.0
176.8
209.4
286.5
214.1
160.7
344.0
3.7
165.9
139.9
312.2
16.7
111.8
8.8
277.1
277.6
263.3
236.5
267.6
80.6
320.4
13.3
222.0
335.2
347.5
341.5
71.4
155.6
210.5
27.2
296.5
260.5
118.9
180.5
269.3
297.9
108.7
185.1
209.3
149.0
171.0
42.5
78.7
95.7
31.4
212.0
195.6
267.6
298.9
302.2
8.4
13.9
96.7
340.8
321.3
4.2
17.3
341.9
286.9
64.9
97.9
54.9
249.1
95.6
4.4
150.8
137.8
267.9
326.2
44.9
137.9
305.2
179.2
18.3
100.8
144.3
159.8
229.3
229.4
284.5
153.3
286.9
268.8
169.0
150.9
353.8
309.4
82.9
247.3
16.5
274.1
14.8
164.7
8.4
237.4
21.2
127.1
326.7
229.6
121.5
114.7
59.4
319.6
122.3
69.4
8.6
3.9
251.7
75.7
138.7
222.1
160.8
213.0
334.3
73.9
98.0
58.7
347.4
19.5
347.6
329.7
216.2
268.9
135.1
104.3
219.1
339.7
325.7
222.4
126.0
56.7
223.6
347.6
209.7
55.5
71.4
121.5
264.5
270.6
170.7
76.5
250.4
44.5
33.6
201.4
257.8
108.4
23.4
258.9
109.9
206.5
38.4
116.0
99.2
245.4
45.9
110.3
300.0
323.1
171.2
254.1
349.2
12.0
121.3
97.9
58.5
316.3
160.9
258.0
254.3
316.8
135.6
151.7
231.4
260.7
253.0
250.8
216.5
89.6
56.8
186.3
247.3
249.8
138.9
114.6
40.5
175.0
178.8
293.0
339.1
282.1
233.3
204.9
309.5
226.7
83.7
36.6
116.8
220.0
268.4
321.1
25.3
209.0
165.4
227.9
44.5
351.7
17.0
51.2
82.8
354.4
336.4
219.8
219.1
69.8
269.4
207.2
20.4
30.0
347.5
163.1
74.4
211.6
130.6
13.4
16.1
323.0
225.4
331.5
344.4
329.7
225.6
46.0
50.6
10.2
221.5
330.8
157.6
114.9
15.2
103.1
102.9
172.4
152.0
90.0
120.1
30.9
283.5
29.0
274.1
251.9
113.2
217.0
91.5
270.6
121.3
89.6
284.4
338.4
242.7
352.6
177.8
119.1
184.1
73.8
79.6
273.4
243.7
168.8
95.7
337.9
131.2
284.4
189.7
147.9
84.6
238.1
46.8
37.8
35.9
330.6
177.4
207.0
336.2
96.7
146.9
332.8
235.3
271.0
139.3
145.0
229.6
42.7
231.7
329.4
40.5
11.2
234.8
67.4
195.4
270.6
282.8
165.5
277.8
313.7
237.6
353.6
244.8
43.2
298.8
223.3
96.4
101.6
135.3
11.0
222.7
266.3
297.6
48.5
204.5
101.4
256.8
145.2
299.7
188.9
352.5
163.6
347.2
45.2
327.7
137.0
200.2
72.3
208.8
345.8
317.4
65.5
103.2
149.4
288.3
241.5
219.1
277.6
306.1
0.6
72.7
27.0
256.5
11.5
17.9
19.2
62.9
146.6
3.0
152.6
350.8
38.9
321.0
41.5
330.9
215.2
130.6
69.3
172.0
4.5
136.3
218.5
85.8
243.6
298.2
20.2
249.9
94.7
11.9
125.8
184.7
72.6
104.5
52.6
122.5
355.3
104.3
173.6
317.9
131.2
268.3
48.8
166.2
183.1
227.0
21.6
245.1
281.6
140.8
218.5
296.9
275.5
30.8
295.8
203.0
96.2
285.4
136.5
256.4
232.6
341.4
304.4
41.9
61.4
327.5
35.6
296.2
133.0
74.7
152.8
215.8
119.5
90.8
130.6
219.1
328.4
46.8
155.4
152.5
69.0
211.6
231.2
244.8
96.4
103.1
81.8
147.2
115.2
122.1
195.9
353.1
0.9
120.2
207.4
169.5
179.7
146.6
173.6
44.4
198.0
101.6
62.5
7.5
269.7
215.9
18.8
155.2
121.2
331.8
217.6
214.0
203.4
297.6
247.1
275.6
356.0
274.4
76.9
179.1
221.0
287.1
245.9
30.5
261.1
152.8
231.3
61.5
167.2
333.7
0.9
242.9
295.9
136.4
24.5
10.0
352.9
342.4
49.0
119.4
275.2
168.0
117.0
241.2
56.5
189.8
92.1
203.2
150.3
151.6
206.1
189.6
82.6
17.7
262.2
223.6
111.1
268.4
250.2
86.9
122.6
356.7
343.7
132.1
134.9
212.2
219.4
236.8
258.2
223.2
285.1
166.6
92.4
339.4
99.0
113.3
280.1
139.3
149.4
6.8
56.9
311.0
242.4
146.0
79.3
57.7
322.5
254.5
5.0
217.8
148.9
308.6
139.6
177.8
232.9
151.2
250.8
276.6
153.1
58.6
62.0
348.1
33.2
338.4
179.0
293.3
51.7
103.0
150.5
78.6
111.0
323.7
335.7
292.9
55.3
321.5
280.9
125.4
72.6
131.9
122.2
259.9
155.4
262.6
217.4
71.0
266.0
130.6
229.0
332.0
24.9
249.7
347.9
285.6
21.2
251.8
120.6
212.5
354.3
309.1
330.6
104.5
69.8
243.1
163.9
355.2
75.8
290.2
192.4
63.7
241.6
152.9
219.3
209.7
84.3
128.0
21.9
107.1
100.1
226.5
45.5
136.0
95.8
317.2
128.0
205.3
185.8
258.4
60.8
214.9
352.0
134.4
316.0
227.1
205.9
267.4
224.1
152.2
242.5
71.2
303.5
339.8
270.8
233.4
265.1
332.7
209.6
352.6
157.4
4.5
239.3
229.6
255.3
245.2
86.9
78.3
169.1
146.3
187.2
344.8
7.0
139.6
210.0
221.8
310.8
295.7
90.7
317.2
258.6
50.7
232.0
80.2
335.2
266.0
133.2
340.6
168.6
136.2
86.5
324.1
275.8
318.1
17.6
141.6
249.5
161.2
46.2
250.4
7.0
298.9
46.9
82.5
3.8
146.6
32.5
28.7
165.3
134.8
242.3
114.7
265.9
7.4
66.2
46.0
310.9
213.1
193.8
68.6
118.2
152.7
266.2
90.1
257.7
10.1
302.6
54.9
83.0
116.5
28.2
221.0
342.2
40.1
46.2
28.9
81.3
127.2
179.0
112.2
265.5
42.3
14.2
171.7
53.7
188.2
347.2
195.2
277.2
330.2
224.5
327.0
210.3
30.5
11.5
211.6
299.1
214.8
34.2
69.2
299.4
307.5
54.1
156.6
83.3
263.5
84.9
37.9
282.8
344.7
131.0
121.1
117.2
170.2
58.2
283.5
252.0
70.0
101.3
38.5
262.9
270.4
352.4
25.3
349.9
129.7
149.4
181.0
195.4
106.9
222.8
296.0
50.6
298.1
229.9
56.4
147.5
8.2
231.2
276.0
98.0
217.8
304.8
46.4
124.0
131.3
266.0
329.1
92.3
277.1
274.6
322.4
239.8
44.4
63.3
134.4
291.9
198.1
156.0
129.8
158.2
91.3
85.8
270.5
186.2
2.3
250.7
209.9
245.9
350.1
279.0
293.0
317.1
242.2
277.6
112.6
48.0
253.4
178.8
334.3
5.7
225.4
32.2
104.1
291.4
21.7
1.6
259.7
17.6
78.9
57.5
124.9
240.9
172.1
134.6
199.4
189.6
124.9
120.5
15.5
341.4
235.2
51.7
215.4
182.5
198.9
240.1
311.8
139.6
57.4
50.9
133.7
272.8
327.7
240.3
296.2
82.0
324.8
152.1
134.7
236.5
350.1
145.7
269.9
346.9
237.9
242.7
304.6
144.1
256.1
232.2
174.0
106.8
317.1
330.6
97.5
94.7
36.0
59.6
22.9
37.9
82.0
148.3
307.0
11.3
218.4
92.2
264.0
84.6
176.6
260.3
350.3
282.3
24.4
82.7
10.6
14.2
166.5
165.6
257.9
104.2
66.9
53.7
247.2
68.3
255.4
331.0
3.3
81.9
223.7
16.1
170.4
185.1
18.3
262.3
217.9
331.4
315.9
28.4
292.7
257.7
324.9
322.5
258.9
143.6
340.4
77.0
195.7
235.8
90.0
346.0
226.0
119.2
26.8
357.6
61.6
234.4
137.7
162.8
192.4
227.7
269.9
174.8
307.4
251.6
148.0
55.9
17.4
199.3
323.9
173.4
263.8
286.1
2.5
268.3
75.7
347.6
295.7
38.6
266.1
350.1
267.6
332.8
95.2
93.2
137.3
226.5
157.3
307.1
160.0
284.8
212.1
82.4
212.5
130.5
151.2
63.9
45.5
95.1
174.5
103.2
14.8
257.1
76.5
219.9
9.7
179.8
191.7
76.3
57.5
219.3
268.5
148.7
5.9
306.5
324.7
126.3
200.1
148.6
102.0
115.6
0.5
149.4
199.5
350.5
136.5
326.8
221.7
273.1
223.2
170.6
6.6
267.5
185.3
301.2
30.3
122.6
96.6
233.3
266.0
106.5
184.6
209.8
330.7
157.4
318.8
349.1
316.3
70.3
353.0
276.4
60.0
122.9
136.9
160.0
37.3
153.0
112.8
101.8
244.7
23.0
85.6
157.1
45.8
61.5
87.1
275.8
340.7
49.5
318.9
16.1
26.7
228.5
7.8
140.1
147.4
130.4
95.3
270.7
343.2
159.7
104.7
15.2
218.6
151.3
223.6
220.6
337.3
347.5
7.0
131.4
174.3
191.8
67.1
324.9
169.3
321.2
108.2
114.7
58.1
272.9
335.9
89.0
129.9
159.3
226.2
298.6
147.6
131.1
169.6
141.7
90.0
206.9
183.5
315.2
288.6
256.2
61.0
62.2
345.0
337.6
73.2
355.0
84.1
314.4
323.0
204.8
242.9
354.4
128.8
311.9
82.2
223.9
352.5
90.6
330.9
263.8
242.0
206.9
20.6
27.6
255.2
291.2
220.2
169.3
15.3
329.3
272.4
322.3
63.1
270.1
348.3
191.2
317.9
60.5
208.0
350.7
139.2
310.5
296.3
296.6
248.5
6.3
157.3
278.5
112.0
60.4
53.7
355.0
65.1
33.1
261.5
330.4
165.7
180.8
160.5
251.1
240.9
342.9
190.9
134.0
354.7
134.0
218.5
155.8
139.8
158.4
278.9
4.5
302.8
147.2
60.4
19.1
125.9
326.0
166.3
295.3
320.8
212.8
344.8
0.1
279.3
302.4
193.2
252.6
338.3
186.9
172.3
33.4
10.8
152.7
58.0
312.6
202.7
261.8
317.9
39.3
66.8
337.1
125.3
34.0
327.8
120.1
135.5
1.3
81.6
58.9
191.3
105.9
331.8
120.5
320.9
195.0
221.1
168.0
205.4
273.3
157.0
203.3
207.0
53.4
200.3
12.6
345.5
349.1
20.7
278.9
247.6
109.0
238.7
335.2
48.4
149.4
74.3
302.4
79.0
239.1
276.9
93.8
217.3
163.3
104.6
296.6
241.0
82.1
161.5
185.0
241.7
128.9
192.0
348.1
150.9
59.2
274.6
131.5
48.2
226.7
68.9
346.3
27.6
15.4
93.3
106.1
351.1
202.5
227.0
334.0
185.3
121.1
92.2
227.7
48.5
310.6
118.2
86.2
255.6
249.5
3.7
317.7
209.7
51.9
238.9
68.8
151.1
29.7
194.9
56.7
25.1
214.4
241.4
116.4
57.4
313.8
336.4
311.6
198.7
231.3
149.6
41.1
270.4
81.9
263.8
47.0
328.1
245.4
146.9
85.5
311.1
13.0
25.5
160.5
47.4
291.6
199.0
249.3
158.9
171.1
62.2
34.4
22.6
331.0
202.5
304.7
261.7
288.1
123.6
72.1
200.3
300.8
232.9
36.1
236.8
173.8
142.9
217.6
254.3
106.6
197.8
22.1
104.9
154.7
92.1
311.4
172.4
236.0
176.1
120.0
78.3
283.7
155.0
210.8
291.2
16.7
213.7
192.6
85.1
122.0
257.9
272.5
288.4
39.9
183.4
159.6
12.1
178.4
350.3
337.2
85.2
117.4
258.5
40.3
68.8
223.3
151.7
329.8
158.8
157.7
1.9
324.0
12.0
331.9
288.9
251.2
132.8
115.5
102.1
276.9
236.0
136.8
2.2
238.7
318.8
122.6
223.2
15.4
189.5
176.3
175.9
308.0
351.1
144.1
215.8
154.1
214.6
230.6
10.3
238.1
93.1
224.0
45.6
151.5
32.8
291.3
30.6
289.5
182.0
249.3
164.7
173.1
104.4
205.0
328.7
64.6
42.4
206.7
327.2
27.9
357.2
186.9
110.9
308.8
60.0
170.5
301.1
64.3
226.0
76.3
272.4
270.4
93.5
1.5
113.8
177.5
149.7
47.7
291.8
219.1
244.0
297.9
79.2
128.9
313.2
32.0
327.2
233.9
9.9
116.0
181.9
53.7
159.2
40.5
191.3
87.3
258.6
115.0
120.9
253.2
5.6
210.7
188.2
209.2
113.7
187.5
91.2
74.0
165.9
95.1
301.0
255.5
161.9
159.7
53.8
240.8
133.8
357.0
157.1
216.9
192.8
238.0
332.3
20.4
184.4
25.0
227.8
124.9
241.1
177.1
118.2
47.4
30.4
279.4
289.3
192.1
318.3
293.2
105.1
250.0
49.4
192.5
352.4
350.4
35.9
317.3
281.2
126.3
147.6
61.2
13.4
270.0
137.5
73.6
87.1
109.7
41.1
41.8
245.4
28.5
12.1
347.3
238.9
323.1
357.7
165.5
124.5
120.2
211.4
255.1
336.5
13.8
144.9
194.8
134.2
308.1
252.1
115.6
257.3
220.9
308.8
126.6
34.9
331.2
53.7
93.2
298.8
228.7
226.9
55.1
181.1
2.4
165.9
272.3
332.8
350.7
345.5
134.9
60.2
231.5
89.2
322.5
244.8
141.7
173.4
154.9
233.8
260.1
335.9
243.4
301.7
19.6
278.1
139.7
244.6
90.4
105.0
266.1
271.0
26.2
302.2
103.0
99.9
143.9
153.5
351.4
198.4
222.6
24.6
128.5
90.8
318.2
245.8
330.5
333.8
140.6
172.2
179.9
50.5
56.9
310.6
299.5
36.8
127.3
157.1
35.1
171.3
175.9
166.6
322.7
51.9
86.9
254.5
209.2
292.1
260.8
233.4
242.5
293.6
149.6
273.6
33.5
49.9
357.2
1.6
333.8
262.3
26.3
67.8
25.0
106.9
97.8
353.4
103.6
29.4
15.3
63.8
1.3
46.1
92.1
351.4
267.6
243.5
318.3
216.2
45.7
198.0
7.2
175.8
210.7
145.1
222.2
106.6
129.8
30.0
143.2
9.4
191.3
231.5
257.8
201.0
250.9
178.1
245.5
217.5
345.1
102.7
198.2
170.9
33.8
12.6
191.2
310.2
100.2
344.7
263.8
305.2
69.5
345.8
267.6
344.1
192.3
224.1
286.0
253.7
347.2
204.3
83.9
333.5
269.7
261.5
66.7
153.4
184.4
134.9
201.9
300.7
252.5
137.2
223.1
128.2
17.1
339.4
22.8
33.6
313.9
229.6
63.2
199.1
145.0
309.2
31.9
6.7
139.5
347.9
206.1
9.3
353.6
147.9
353.5
288.7
67.7
341.0
15.0
243.4
233.0
316.6
118.4
311.4
228.0
347.0
334.6
5.8
5.0
172.4
168.6
133.5
228.7
176.3
79.1
57.0
317.8
56.8
230.3
277.1
224.7
259.2
239.2
87.8
52.9
167.2
300.3
318.8
236.6
294.8
326.3
314.7
75.7
173.7
164.9
311.4
146.3
345.1
114.3
337.1
316.9
136.6
203.6
348.6
69.9
187.0
86.7
165.7
348.0
308.8
76.0
230.5
281.0
127.1
285.9
344.5
244.0
139.6
27.8
342.9
244.4
340.1
56.5
44.3
49.5
267.0
72.1
333.7
210.5
143.0
212.2
52.6
302.0
357.2
152.0
304.1
161.5
242.3
292.8
68.9
275.3
238.5
137.5
69.4
1.8
160.2
277.4
176.3
157.6
39.4
159.5
17.6
307.6
331.0
330.0
125.1
215.6
103.9
55.8
342.1
329.8
110.1
140.6
331.3
186.6
164.0
300.6
135.8
147.8
332.6
288.3
58.2
257.7
303.9
87.5
117.4
230.1
52.6
158.5
94.4
38.2
222.8
51.3
161.1
49.4
240.9
278.4
291.6
8.1
195.2
33.5
138.6
138.9
44.6
220.2
97.8
177.5
0.3
199.5
94.8
44.9
72.3
119.6
115.8
166.3
57.7
191.5
113.6
99.1
215.0
19.1
282.2
154.3
101.4
256.3
254.9
210.6
10.7
99.8
302.5
44.0
92.9
256.2
149.2
162.8
196.7
129.2
100.8
312.7
356.1
354.2
356.4
116.6
309.7
263.7
31.0
95.2
73.6
30.6
238.7
350.4
256.3
87.1
191.2
4.6
203.8
66.1
292.4
255.7
148.2
204.6
142.5
153.1
281.6
65.2
92.3
162.5
343.2
344.7
304.4
224.8
17.4
174.7
348.6
167.9
8.6
290.2
316.3
191.8
177.6
199.3
182.1
269.3
82.2
151.7
128.0
104.1
342.5
307.0
306.0
107.7
91.3
283.9
140.1
325.9
341.4
96.6
256.0
54.5
132.7
115.5
100.0
124.5
276.8
254.9
299.0
217.2
102.1
34.4
100.0
230.0
212.6
212.9
275.4
273.9
201.1
201.8
342.0
107.3
220.5
306.4
132.7
174.5
221.3
112.5
42.7
27.0
246.1
194.4
212.2
212.0
150.7
80.5
299.6
227.6
44.7
26.3
301.6
357.8
68.4
159.8
92.1
111.8
138.1
89.6
92.0
175.5
30.1
247.6
180.4
77.3
267.7
298.3
131.6
30.6
81.1
270.5
353.9
56.9
213.7
109.2
148.3
80.5
29.0
181.9
297.3
55.0
286.7
29.0
338.2
357.2
336.4
139.2
351.2
302.3
271.7
229.4
154.4
80.8
301.7
20.1
148.6
285.4
35.0
23.6
277.8
116.5
206.4
62.1
44.7
179.5
282.6
269.6
111.2
43.9
155.1
31.6
248.6
321.5
52.9
46.2
152.2
194.2
58.9
157.1
251.7
189.1
34.6
331.9
169.7
241.7
280.3
105.4
357.4
300.2
15.3
345.1
45.7
272.2
170.4
144.7
56.6
165.0
327.4
19.5
350.6
151.3
247.5
82.7
197.5
296.7
286.6
184.2
93.5
72.3
274.8
76.0
17.4
73.2
229.5
72.5
106.9
120.6
158.3
337.6
138.7
239.2
188.8
21.1
323.7
211.5
227.7
74.5
37.4
223.7
124.3
33.7
345.6
139.4
278.7
296.0
138.3
27.5
312.5
63.8
73.6
238.5
71.4
10.5
126.5
346.3
351.8
251.9
118.9
272.1
282.7
314.7
43.2
84.3
109.3
329.8
216.0
298.8
51.6
341.6
48.3
72.3
292.7
76.2
198.8
326.6
343.7
25.2
210.3
223.1
203.4
168.5
173.2
22.4
118.8
246.1
318.4
230.1
103.8
291.8
315.7
277.7
355.3
257.8
353.6
161.9
268.4
214.0
97.7
109.5
254.0
118.8
297.8
329.5
261.3
124.5
90.4
211.9
178.5
2.2
109.1
127.1
344.5
130.4
124.3
220.7
212.1
335.5
258.3
258.6
311.0
143.9
190.5
101.0
247.5
170.1
260.7
71.1
300.0
21.9
321.7
148.8
3.1
37.9
273.1
121.2
222.8
300.9
10.4
206.1
273.3
323.0
193.5
76.6
110.5
351.5
253.5
69.2
14.0
313.7
310.7
36.7
289.2
94.3
346.8
77.3
101.4
108.7
339.8
96.1
207.8
237.5
146.5
340.9
75.0
42.5
23.9
58.8
308.5
42.0
317.2
226.0
25.2
110.3
22.5
222.1
247.3
252.1
224.9
139.0
143.8
330.2
300.1
329.5
116.0
278.8
276.5
62.3
72.6
311.7
60.0
108.5
172.5
298.0
134.1
162.4
343.3
357.0
40.2
170.5
43.0
60.1
306.1
189.0
319.4
110.8
207.5
330.5
5.8
87.3
116.6
43.7
65.0
293.5
328.8
139.5
265.1
137.8
14.9
20.7
312.1
20.4
122.8
215.4
61.7
190.5
198.4
258.1
300.7
215.7
252.4
230.0
236.4
89.5
239.1
212.6
210.5
129.6
15.0
105.5
320.3
348.9
262.7
222.5
184.1
234.6
20.7
297.4
332.9
0.1
317.7
347.2
222.0
186.2
260.1
94.2
160.2
138.9
164.4
66.7
11.0
155.2
123.3
300.4
211.9
149.2
210.3
133.9
20.1
65.9
101.7
328.8
85.4
253.0
120.1
100.3
211.6
206.2
212.8
298.0
321.7
155.6
45.5
325.5
356.0
335.1
9.6
188.9
170.3
81.0
219.2
32.4
111.0
9.0
140.2
162.4
123.6
292.9
132.2
181.2
71.6
207.9
204.6
30.3
6.3
195.8
165.1
147.8
239.4
320.5
108.8
188.1
350.7
103.7
311.7
241.6
63.2
320.0
66.4
137.9
112.2
115.0
339.9
342.0
28.7
339.1
99.7
68.9
229.1
28.4
324.5
225.3
63.8
73.0
311.2
283.9
337.8
158.6
85.8
212.8
139.7
108.8
152.7
11.2
137.9
314.4
257.9
275.3
10.8
270.1
299.2
137.6
29.2
253.5
23.9
30.6
14.0
112.1
226.1
7.8
94.9
325.6
231.6
260.3
58.3
334.7
228.8
7.5
213.7
243.3
210.4
153.9
30.8
265.5
334.7
110.5
175.6
23.9
110.4
169.5
188.9
317.6
183.8
310.8
334.2
281.7
223.2
186.1
152.2
167.5
70.7
8.2
305.2
262.1
256.4
175.9
173.6
112.7
157.5
55.2
96.9
320.7
63.9
52.5
84.0
317.0
268.6
105.6
235.1
183.3
356.0
47.2
131.2
91.1
109.5
234.5
252.2
316.8
191.7
25.8
241.2
102.5
308.6
308.3
192.6
227.1
154.6
334.0
83.9
225.1
26.3
270.7
168.0
149.0
17.1
153.6
154.3
257.1
238.9
15.3
157.5
78.8
123.0
63.9
9.6
96.4
16.9
351.1
141.1
179.2
225.9
239.3
67.0
122.1
300.1
286.9
220.5
323.0
74.8
135.7
328.4
152.0
144.7
231.9
292.4
290.6
92.5
107.3
239.2
160.7
24.6
108.3
328.8
317.8
251.0
283.1
345.3
101.2
241.2
267.8
74.4
182.2
221.4
183.6
233.9
202.3
201.9
84.0
249.4
160.1
187.9
260.2
14.2
103.2
306.5
195.4
194.7
105.8
334.0
205.0
175.4
255.8
150.1
62.6
139.2
212.2
31.1
213.9
253.5
96.7
215.5
197.3
105.5
137.9
149.1
205.5
61.5
33.0
285.1
13.3
29.8
21.6
164.3
283.3
269.2
112.0
324.0
218.7
121.3
106.9
6.7
162.1
89.2
345.8
214.6
312.9
234.8
265.3
167.4
8.3
194.9
332.1
162.3
308.8
55.7
111.2
268.8
349.7
230.9
201.1
346.4
80.9
148.5
20.3
188.0
321.5
142.4
141.3
75.1
108.1
167.3
302.9
250.4
172.7
160.4
298.6
199.9
323.2
116.2
311.4
129.0
131.5
183.6
129.1
151.5
168.2
244.2
160.8
88.1
262.5
5.8
246.1
63.8
240.8
71.6
233.2
164.9
11.2
311.7
305.3
14.5
25.3
96.2
281.8
76.2
104.8
342.9
264.5
17.1
15.8
204.6
182.9
104.0
299.3
250.4
134.3
262.1
216.9
171.2
68.6
3.5
263.3
167.7
159.3
182.8
59.8
144.2
128.4
38.3
292.3
168.5
60.1
287.8
30.7
39.1
193.3
284.6
106.8
80.0
81.5
167.6
262.2
299.9
22.5
19.9
207.7
71.4
190.3
349.8
107.1
95.3
329.0
318.4
215.6
316.6
114.5
49.6
196.9
11.8
113.0
273.0
170.1
54.9
223.3
208.2
345.0
106.6
283.5
75.8
125.8
215.3
199.0
261.8
272.6
99.9
210.9
11.7
96.7
339.5
206.6
259.9
180.8
293.9
173.9
301.8
111.4
92.0
166.0
323.4
163.5
328.0
45.9
235.4
342.2
266.3
356.5
197.6
294.9
212.2
250.1
23.8
230.4
150.2
80.9
0.8
323.9
116.8
345.1
23.1
75.0
47.5
162.5
353.1
62.6
5.6
48.4
5.9
101.3
223.5
265.6
249.9
14.1
105.3
169.8
148.0
174.9
25.6
68.3
54.7
68.5
15.9
172.5
86.9
342.2
292.9
11.3
247.2
160.0
114.9
194.5
75.3
141.3
136.6
308.3
88.8
206.5
138.2
36.9
149.5
120.6
335.5
80.1
165.0
278.2
7.6
193.2
327.0
189.2
309.0
312.3
263.8
195.8
5.1
4.5
112.0
296.7
155.5
253.1
161.2
337.9
249.4
278.2
289.2
152.4
77.7
84.6
153.3
326.9
243.7
299.0
199.7
115.7
265.0
210.3
346.6
245.4
229.1
243.9
218.1
229.8
309.4
271.7
213.5
7.0
22.9
291.6
139.5
139.8
54.5
52.2
28.4
49.2
356.4
247.1
332.0
336.3
339.7
319.2
230.8
356.6
277.2
127.5
96.0
242.9
23.0
190.9
250.3
180.7
162.3
229.9
124.7
314.9
162.0
179.2
208.6
148.6
89.9
275.6
10.7
150.8
5.8
219.4
200.2
102.4
176.8
100.4
61.9
242.1
195.7
221.7
298.3
220.7
154.1
72.9
239.5
123.6
196.1
66.8
297.7
281.4
42.1
266.0
309.6
168.2
3.3
225.8
189.2
318.8
13.4
13.3
280.8
181.2
97.2
320.6
164.0
54.2
65.2
68.4
322.0
263.9
138.1
256.4
309.3
206.8
12.4
117.8
27.8
202.1
107.2
205.8
68.9
24.2
214.4
139.1
225.8
344.0
6.8
48.0
184.3
355.1
11.3
309.0
265.5
199.6
285.9
292.3
263.6
111.0
294.1
324.4
192.3
72.9
79.2
44.7
192.6
131.6
321.7
114.1
43.6
159.3
224.0
98.8
172.3
187.4
303.0
262.6
61.9
103.9
247.5
271.3
309.9
85.7
257.3
37.8
239.9
221.7
228.8
354.2
181.3
202.2
244.8
50.4
297.7
158.3
275.4
12.3
214.9
64.0
85.6
290.8
347.1
256.3
163.7
265.7
199.6
85.5
185.8
118.5
314.4
0.1
198.9
216.5
66.3
191.0
80.4
329.1
52.7
18.9
58.4
346.3
178.7
134.6
104.0
171.2
192.3
7.9
340.7
1.3
222.8
151.1
54.9
121.7
183.5
175.2
319.5
94.3
271.6
108.4
233.6
68.0
299.2
132.1
235.6
51.2
81.5
98.3
117.2
10.5
277.2
320.4
126.1
128.2
2.0
313.9
349.9
357.3
39.9
250.8
255.9
299.7
72.5
342.0
357.6
105.7
247.9
317.3
252.0
220.6
332.8
263.7
238.9
51.6
295.0
6.1
236.6
350.1
121.6
92.7
126.7
41.2
54.6
336.7
89.9
351.5
77.3
61.4
225.6
298.8
78.0
283.8
323.6
96.6
324.0
152.6
214.3
202.7
62.6
46.1
135.4
104.1
226.8
119.6
63.8
166.1
23.3
50.2
62.5
206.7
59.5
77.5
261.1
330.9
107.8
271.4
342.1
40.6
164.1
272.5
188.0
36.3
222.0
312.0
2.6
116.7
282.9
52.5
53.8
24.0
208.2
3.7
138.1
284.5
250.1
172.2
233.5
73.3
147.5
340.9
156.3
233.5
330.7
305.7
18.6
158.2
278.9
231.5
30.9
173.0
71.5
293.0
195.0
65.5
341.5
343.6
67.9
298.1
198.5
283.5
344.3
181.1
26.6
127.5
155.1
347.3
39.1
158.0
103.6
155.4
291.3
195.0
218.3
150.4
36.6
306.4
81.7
290.2
151.5
348.9
156.1
57.6
293.3
130.2
312.1
129.8
159.8
296.8
193.8
170.1
161.5
226.6
263.0
172.8
66.0
290.5
55.0
325.1
69.5
301.0
76.9
318.1
251.1
296.5
101.8
76.9
106.2
35.4
38.7
150.9
151.5
66.6
266.0
242.3
78.0
48.1
96.9
160.4
213.8
332.6
307.4
32.9
180.1
76.0
23.8
163.5
303.1
105.7
137.3
261.2
144.0
320.1
339.1
282.1
236.8
193.9
298.0
119.1
132.6
258.6
333.6
59.3
75.1
184.8
80.2
52.5
212.0
181.6
85.2
235.2
279.3
33.9
179.2
29.9
71.6
173.6
345.2
354.8
122.7
305.0
94.3
312.2
71.9
113.8
196.2
161.1
140.3
214.9
256.3
139.6
186.7
142.0
149.7
267.2
75.6
287.8
156.5
36.5
116.3
145.9
226.1
108.9
239.3
316.4
90.8
69.6
73.4
48.4
326.0
136.6
241.4
229.7
10.1
200.2
117.7
52.9
199.3
247.2
234.1
86.7
334.4
119.2
339.6
197.5
354.7
318.1
297.9
154.2
119.0
127.2
143.4
231.4
261.3
22.0
90.5
33.5
85.1
207.4
291.4
137.4
139.7
180.4
337.6
297.6
252.1
225.4
158.6
154.3
318.8
305.7
110.2
314.2
3.3
12.9
103.9
316.2
256.4
37.8
304.8
122.1
182.6
9.7
351.7
16.6
189.0
31.8
281.4
231.7
283.9
9.6
305.0
272.3
245.4
149.3
301.6
285.0
27.6
141.8
57.3
332.2
189.8
264.9
86.6
121.3
113.6
325.1
293.4
172.8
145.6
302.4
180.3
213.4
63.6
191.7
118.8
115.9
143.6
248.7
40.8
8.2
229.5
225.6
109.5
77.6
39.4
301.1
65.0
219.4
24.8
106.8
70.6
335.8
215.8
53.8
280.9
140.9
341.4
51.5
49.7
334.7
323.0
270.5
221.1
323.5
146.4
267.1
59.8
137.2
255.0
50.5
183.8
41.2
189.7
160.2
247.3
118.2
285.3
232.4
74.3
223.5
227.1
263.5
205.4
209.2
189.5
97.2
32.8
264.5
172.7
334.5
351.3
35.6
75.9
253.7
174.7
146.7
250.7
357.0
345.7
292.5
172.6
12.4
278.0
228.8
246.0
302.1
135.4
190.1
200.7
189.4
269.0
40.3
34.1
318.1
89.0
64.5
336.9
342.6
290.4
37.4
212.2
59.5
335.9
183.6
46.7
51.3
291.6
311.3
74.9
344.9
152.1
98.5
153.5
10.7
319.7
17.0
344.1
321.5
86.1
87.1
353.3
236.9
251.6
134.8
33.6
111.0
76.9
247.0
312.4
155.7
156.9
225.4
352.1
65.7
160.9
228.1
39.2
77.9
18.7
145.9
285.8
10.1
40.8
133.7
139.7
193.4
45.6
162.2
331.1
289.6
154.4
210.6
98.9
239.7
324.5
109.8
15.8
265.8
240.9
241.1
277.1
69.4
83.3
40.7
231.0
218.9
17.0
153.7
131.7
113.4
211.9
133.0
293.1
275.3
94.3
185.2
332.7
15.9
333.1
280.0
142.9
28.7
90.5
9.7
211.3
202.7
75.8
45.0
321.3
44.0
353.9
67.7
215.9
168.6
125.8
23.3
10.4
75.0
154.4
283.2
285.2
161.7
266.5
52.9
346.1
357.6
169.0
52.6
24.7
195.0
188.6
25.7
344.3
185.4
262.0
267.6
271.9
272.9
280.5
170.5
326.4
90.9
133.5
244.4
302.1
41.4
65.0
354.2
116.1
201.7
127.0
356.9
289.3
306.3
206.1
130.8
317.4
158.1
327.9
164.9
84.2
143.8
308.7
355.6
238.4
257.5
208.8
232.2
18.7
170.0
89.2
303.8
140.7
123.7
265.8
140.9
250.6
312.3
34.1
14.2
107.3
130.5
218.4
84.3
181.9
205.5
3.5
101.5
168.3
81.3
180.3
40.7
34.3
248.9
342.4
147.5
210.2
181.1
134.2
275.7
108.0
314.4
73.6
137.5
126.3
283.0
348.1
308.8
158.8
178.2
211.5
159.5
65.0
236.2
158.5
339.2
49.8
309.4
148.6
151.2
66.5
205.4
45.8
124.7
22.8
204.9
339.9
334.0
206.8
159.5
293.0
12.8
248.1
124.0
156.6
338.9
40.1
207.1
294.9
255.7
309.0
41.2
66.4
356.3
224.6
230.0
271.8
3.2
203.1
258.9
296.9
226.4
101.1
82.1
270.0
195.0
349.4
325.2
82.7
97.2
154.0
282.7
44.9
54.7
78.7
114.7
333.9
286.5
215.6
108.0
11.5
164.7
202.0
202.2
104.8
266.4
253.2
352.2
239.5
90.9
93.3
24.0
62.2
326.0
214.5
333.6
220.2
210.6
289.1
166.6
338.9
65.7
103.5
223.2
144.5
357.4
53.8
6.9
58.3
208.1
7.6
206.0
259.8
106.5
346.6
249.3
93.8
328.9
234.5
21.2
129.9
328.0
44.5
302.4
244.8
244.1
60.7
125.0
13.0
329.3
333.9
152.1
40.9
121.6
305.7
312.3
280.2
281.0
272.0
7.4
132.8
183.2
70.4
12.0
170.6
166.9
339.2
207.4
35.4
49.2
70.2
30.2
230.8
120.4
75.3
240.7
232.0
234.6
4.9
347.2
350.3
237.3
32.6
249.9
0.8
244.2
15.5
226.1
268.9
76.9
16.5
217.8
192.8
99.2
357.1
30.3
17.6
291.6
322.8
31.4
166.3
153.2
242.5
264.1
185.1
313.1
228.2
37.8
117.2
138.8
56.8
272.8
113.9
19.3
107.4
179.7
328.3
130.9
291.6
239.6
352.8
180.7
49.7
78.7
334.6
213.8
327.0
253.5
220.1
181.7
122.1
257.6
46.2
43.0
218.6
244.3
237.4
287.8
275.4
215.6
221.3
356.4
34.4
60.7
62.0
86.7
135.8
6.8
35.7
206.4
148.9
106.5
68.0
65.9
139.3
151.1
233.4
114.7
344.5
224.4
311.2
65.9
330.9
126.2
189.3
183.5
231.2
145.6
246.9
31.1
294.0
183.0
129.2
207.5
322.4
135.1
82.1
56.6
134.0
90.5
101.2
39.4
216.4
3.3
143.8
213.0
177.9
42.4
155.1
111.5
162.3
37.9
222.1
348.2
284.7
183.6
340.2
249.1
54.8
161.3
254.4
39.6
339.0
114.1
259.7
302.6
283.8
51.9
186.7
314.1
217.4
234.2
190.4
209.3
166.7
98.6
5.1
294.3
20.2
176.6
148.8
89.1
46.6
41.5
74.0
129.6
221.8
126.3
216.0
216.1
254.4
142.5
171.7
117.7
162.8
276.2
142.8
271.8
347.2
113.9
163.2
328.6
18.0
108.4
37.5
261.8
90.7
216.7
12.6
253.7
343.2
298.8
274.8
59.9
130.1
21.1
171.1
98.9
354.7
264.7
303.1
71.1
295.5
47.1
319.1
132.7
153.0
87.6
110.7
112.4
184.4
148.8
23.4
37.8
275.9
256.2
312.5
305.7
25.2
350.8
220.2
329.8
157.7
74.0
203.5
284.5
335.6
282.2
140.8
91.9
20.3
271.6
62.8
38.8
116.0
203.0
191.0
202.6
354.0
286.8
180.7
279.8
128.1
332.6
42.5
84.1
312.5
190.8
315.2
148.7
40.0
252.6
247.0
184.8
176.6
129.4
84.8
246.0
329.3
137.5
233.7
344.7
158.7
221.8
192.4
30.4
129.9
135.2
21.8
45.8
130.7
58.1
349.7
109.9
121.9
201.6
196.2
9.9
308.2
351.6
27.6
91.7
149.9
136.5
174.8
268.7
266.0
184.8
134.6
266.3
304.7
73.9
143.6
193.0
106.6
231.9
208.6
298.6
6.6
46.5
184.7
307.4
242.7
199.0
266.9
140.3
178.4
84.9
259.9
205.2
350.6
323.1
156.1
154.7
300.7
187.6
180.2
36.5
171.8
49.9
71.3
311.5
205.5
164.6
76.3
291.3
260.6
248.7
171.4
75.2
106.1
8.3
239.2
254.1
226.3
265.2
53.7
291.6
262.4
206.2
335.4
356.5
230.9
302.9
100.3
14.3
125.1
248.6
93.2
24.4
155.6
296.3
107.3
269.5
211.4
144.3
110.2
2.1
38.0
284.7
169.7
174.6
119.3
28.9
273.7
94.4
20.2
141.2
21.3
142.8
26.8
348.8
285.1
315.7
66.8
98.4
257.7
355.4
147.2
139.8
354.0
71.1
229.5
285.8
305.9
4.0
264.7
309.0
243.0
224.6
79.2
238.8
287.2
67.2
344.3
222.2
154.7
129.1
138.9
157.4
192.3
282.4
244.3
153.1
110.8
117.5
261.3
171.1
334.9
26.9
338.5
287.3
151.9
4.0
141.2
314.3
2.6
232.7
215.0
57.0
25.1
356.8
223.8
10.0
136.2
112.5
137.0
321.2
308.3
156.3
182.2
180.9
87.0
107.3
132.6
126.3
164.5
179.6
94.8
340.6
131.7
357.5
220.5
188.3
262.1
57.3
112.5
21.0
262.4
160.1
298.9
223.7
227.1
38.8
73.3
200.8
317.6
42.4
174.2
92.4
339.9
132.3
13.5
4.0
286.1
75.2
356.8
30.3
91.1
127.2
9.9
281.7
69.4
129.7
302.7
225.5
136.9
76.7
177.2
225.0
204.3
298.9
336.5
18.8
212.7
72.1
122.4
228.7
213.9
53.7
133.0
202.5
35.6
46.0
61.7
309.8
290.4
34.7
149.0
321.5
186.4
51.2
56.5
185.1
323.9
185.8
64.6
81.2
185.3
104.6
273.5
153.2
87.0
291.2
234.7
208.8
60.5
310.9
304.9
243.2
162.7
53.4
78.8
326.5
163.7
271.3
177.8
319.2
244.8
33.4
40.7
221.3
135.8
174.9
51.7
350.8
93.2
226.1
144.1
283.0
29.7
184.7
104.6
149.6
12.7
231.6
85.1
14.9
257.2
273.1
304.4
238.3
176.1
167.2
278.3
49.3
204.3
216.2
146.5
163.5
357.9
352.5
302.0
162.4
98.6
91.4
104.8
320.0
301.6
310.1
243.1
174.7
64.7
178.0
109.8
187.4
66.9
112.5
262.0
42.6
114.2
267.8
211.5
201.7
28.2
131.0
12.9
106.2
289.8
200.1
138.1
20.1
201.0
284.3
185.3
347.9
135.6
84.0
277.9
180.7
64.4
177.7
55.2
355.6
353.4
143.0
192.5
128.3
118.0
50.8
291.9
321.8
347.8
10.6
223.2
18.6
173.7
166.0
91.0
308.6
338.1
328.3
185.4
52.4
268.5
186.9
92.0
160.4
59.6
154.0
64.7
288.6
341.6
164.0
21.3
180.9
206.6
36.6
87.5
74.3
73.3
60.5
172.8
43.4
18.3
94.2
8.4
138.2
16.1
154.8
98.5
327.8
98.1
28.6
219.7
42.0
37.8
346.9
89.9
307.2
117.5
305.3
314.1
302.0
3.9
64.3
220.9
224.7
263.6
194.4
110.3
147.2
268.0
228.9
238.3
255.8
328.4
354.0
271.9
149.8
356.6
15.5
135.8
288.8
331.6
105.3
333.6
348.6
131.7
253.5
329.9
118.8
115.1
331.8
41.0
57.6
316.6
303.3
128.7
338.9
73.8
187.9
30.3
355.2
95.5
182.1
154.7
355.0
30.8
112.5
353.7
182.9
320.4
27.6
112.2
325.8
160.5
106.5
189.5
232.3
37.2
142.7
340.5
6.2
337.0
277.0
6.0
281.7
25.4
49.6
284.5
63.5
78.2
203.8
118.2
242.6
320.0
183.4
254.5
121.4
315.2
224.5
39.3
282.9
306.7
102.5
296.7
97.7
138.7
349.3
15.7
41.0
64.3
235.9
325.9
173.9
112.3
96.8
11.7
213.3
57.3
254.7
220.4
193.5
230.8
90.5
284.3
45.3
86.0
224.3
305.2
170.2
19.3
101.9
284.4
117.4
121.3
2.7
212.9
21.3
33.8
118.2
28.7
30.8
150.3
32.8
210.2
10.7
247.1
170.2
119.2
283.9
100.2
160.1
173.2
301.2
10.8
178.2
254.6
171.8
24.0
69.4
327.9
97.8
356.4
55.5
240.6
4.5
230.0
265.8
17.1
198.2
265.8
57.6
16.6
353.2
166.0
43.4
56.2
34.6
205.5
42.0
194.7
295.9
226.8
11.5
83.0
111.8
32.7
246.9
53.6
15.6
21.6
58.1
281.0
214.6
328.0
337.8
67.1
161.4
284.7
75.9
207.1
21.8
201.6
63.8
177.5
248.8
81.1
236.1
61.8
75.8
347.5
85.8
33.4
165.4
152.3
254.6
251.4
231.7
233.0
169.9
289.9
143.2
89.3
23.8
324.1
47.0
36.2
351.3
127.1
291.1
351.5
145.7
89.1
286.2
15.1
271.9
288.6
312.2
324.2
268.8
172.4
290.0
305.9
284.0
243.3
253.5
198.7
200.0
210.0
265.6
65.7
250.0
95.6
33.6
351.0
69.5
175.4
119.7
346.7
225.2
129.7
307.1
78.6
260.6
272.9
279.9
296.2
217.2
183.4
284.5
84.3
319.5
194.9
33.9
328.4
285.4
225.7
120.3
76.7
91.2
153.0
281.2
151.7
170.9
230.7
231.9
33.7
333.8
55.0
214.7
107.1
158.5
199.0
343.0
294.7
44.0
347.4
311.4
124.3
321.9
50.5
282.9
191.6
357.5
147.8
337.2
232.8
62.6
348.6
14.7
105.2
78.9
268.8
345.2
330.5
84.4
32.3
224.5
3.0
193.9
216.6
100.1
222.4
78.6
32.5
27.3
143.7
65.6
92.1
194.5
318.6
148.7
139.1
247.7
190.9
168.9
96.5
156.5
111.7
251.3
201.0
335.0
304.3
357.2
204.1
353.9
110.5
257.6
344.7
70.8
10.4
291.9
36.3
254.4
67.5
146.9
105.7
289.4
347.5
114.0
60.2
190.3
197.6
244.3
315.6
108.3
212.0
13.7
284.5
271.7
331.6
61.0
69.8
277.9
209.4
254.0
332.0
347.4
16.8
136.9
249.2
52.1
112.6
115.1
71.4
326.4
163.2
44.9
310.5
324.5
128.8
306.1
20.4
326.8
152.4
54.7
90.5
41.5
45.6
280.4
112.0
116.8
215.3
5.4
279.4
206.5
84.4
256.5
233.7
34.9
238.5
294.4
209.1
341.7
285.0
300.1
62.2
123.8
239.9
31.7
67.9
147.2
272.5
282.2
218.8
155.1
170.4
172.9
125.4
179.6
13.5
344.1
285.1
55.6
248.5
31.1
189.3
57.4
237.5
80.1
317.8
299.7
232.9
19.3
14.8
5.0
51.9
83.7
175.1
56.9
247.3
96.3
114.2
177.1
298.1
111.0
15.2
88.7
74.4
159.6
321.0
275.8
290.7
254.4
13.4
241.2
24.1
64.1
144.9
66.7
242.6
80.9
343.6
30.3
127.9
225.3
301.2
129.9
354.2
299.8
77.7
234.6
11.3
324.1
3.1
356.6
46.4
52.0
208.6
19.7
115.9
284.9
45.8
134.2
178.8
32.8
93.8
176.8
273.5
160.3
293.6
44.6
278.9
10.3
339.2
353.0
39.2
164.5
64.0
58.9
93.4
289.8
58.0
337.6
70.0
15.4
133.6
82.6
25.7
260.6
9.3
356.8
6.8
197.6
281.5
278.1
15.7
147.7
301.5
246.1
342.9
276.8
71.7
48.4
344.0
100.2
55.7
233.1
295.1
141.1
33.8
141.4
27.1
170.2
58.7
74.3
93.3
193.9
163.3
203.2
49.1
343.0
202.9
62.9
167.8
348.3
154.9
217.8
173.5
288.3
201.5
215.1
327.3
86.6
110.7
256.4
189.1
121.5
107.2
139.6
110.3
251.0
97.8
309.3
177.1
79.4
127.0
315.9
22.3
65.9
224.7
17.0
117.1
5.1
267.8
321.3
242.2
109.8
198.2
17.5
57.8
85.8
320.3
86.7
241.1
61.9
192.3
78.7
322.2
350.8
176.5
9.0
259.8
68.7
82.6
146.5
340.2
22.5
165.4
279.3
333.2
34.6
51.1
47.5
65.2
236.1
147.1
46.1
313.9
209.9
306.4
22.5
295.1
143.8
216.2
229.6
80.2
333.7
244.8
193.8
30.8
329.5
251.4
307.4
69.7
40.1
151.5
353.7
245.0
268.2
352.7
205.5
8.1
114.2
28.7
319.4
136.1
139.2
163.2
110.9
311.7
125.1
257.4
194.1
163.0
344.0
343.1
245.0
57.5
45.5
293.4
312.0
124.1
81.0
83.1
112.9
137.0
144.5
15.8
169.8
144.3
309.2
342.4
285.6
357.8
95.1
63.7
30.8
25.0
252.3
187.8
52.4
250.9
202.4
20.5
283.3
183.6
244.6
187.6
1.5
335.9
215.3
75.4
20.7
320.5
231.0
234.2
324.4
136.4
120.4
278.8
287.9
165.7
313.8
291.5
116.7
120.0
94.5
218.6
71.1
69.4
70.7
278.8
259.9
252.0
160.7
77.0
44.9
55.7
96.7
145.0
319.6
343.3
14.4
352.1
173.7
196.5
100.7
250.1
100.3
20.2
45.2
142.5
1.2
108.9
276.4
164.4
182.6
217.7
49.6
131.8
276.8
334.4
42.5
15.2
192.7
258.4
65.8
82.5
287.2
311.0
247.2
135.7
328.0
232.4
199.4
250.1
82.3
99.0
357.7
279.4
154.1
160.3
322.0
331.8
236.7
345.9
238.4
141.0
44.6
38.0
76.7
135.6
90.8
33.9
214.3
163.9
64.3
213.1
65.4
272.7
170.5
31.5
332.5
8.2
70.2
81.9
84.4
93.6
248.4
247.2
327.5
79.8
146.4
116.6
324.6
17.9
45.6
143.5
345.2
22.5
2.7
292.8
141.6
103.0
106.7
114.0
271.6
13.5
231.5
248.1
341.4
136.4
263.5
241.6
28.1
130.7
207.8
9.6
16.8
60.7
242.8
132.1
197.2
159.6
9.0
349.5
76.5
101.2
248.7
135.1
306.2
344.8
127.9
355.4
74.8
312.8
195.0
265.8
113.1
347.8
124.6
33.1
120.9
137.4
8.7
253.4
88.5
340.8
342.7
37.4
36.5
94.2
109.0
103.2
265.2
178.5
185.6
254.7
246.7
280.5
54.2
271.8
238.8
211.2
99.0
162.3
259.4
196.7
41.8
32.1
189.0
297.3
114.5
232.6
291.8
97.0
245.0
357.0
61.1
168.6
29.6
89.6
131.1
64.6
276.6
306.3
0.5
51.7
58.7
311.4
276.7
185.7
99.6
112.1
112.6
121.0
196.8
321.9
306.2
284.4
209.6
138.6
158.8
132.1
223.5
291.9
70.8
33.3
52.2
295.6
120.4
172.6
274.0
176.0
334.4
356.9
62.1
271.1
204.5
56.2
257.6
101.7
188.8
313.5
326.1
119.7
69.0
36.2
72.3
302.7
324.1
256.8
92.6
34.1
255.8
95.5
102.9
238.6
19.1
100.1
124.6
45.6
192.1
176.3
86.3
292.2
111.1
54.2
195.0
37.4
155.8
282.1
191.4
318.5
285.2
91.6
223.5
109.5
241.5
325.0
75.1
292.1
309.8
47.3
46.1
97.4
16.2
137.8
316.8
155.7
269.9
138.6
214.9
101.2
144.0
253.9
231.3
129.1
162.3
123.9
334.1
121.3
253.7
80.8
286.0
331.7
132.0
192.1
98.0
99.9
215.7
11.2
112.6
87.8
265.2
208.4
193.0
171.1
157.3
94.1
111.9
97.0
176.8
302.8
57.4
27.8
23.6
181.6
335.3
123.9
308.0
354.1
228.3
303.1
113.0
59.6
110.4
215.9
331.6
50.7
47.8
248.4
69.9
95.1
66.3
249.3
129.9
111.3
323.6
337.0
163.9
272.6
173.7
68.8
143.4
303.5
301.3
228.4
123.9
209.3
197.4
73.1
155.9
70.8
288.7
273.6
251.8
119.6
235.1
70.1
279.4
237.1
329.6
91.9
323.4
302.8
125.4
122.0
5.8
264.5
170.0
154.3
355.3
281.3
215.4
145.6
315.2
222.6
341.5
173.2
151.5
19.0
298.7
29.0
54.0
99.5
82.0
231.8
153.8
70.8
249.4
61.2
273.7
121.1
47.6
72.4
313.6
126.4
228.9
353.6
305.1
92.8
2.4
99.8
147.0
351.6
78.4
295.4
71.2
184.7
330.3
258.8
247.3
19.9
229.9
301.2
318.9
145.3
324.4
125.6
51.9
130.0
86.3
313.0
192.8
345.6
120.9
344.3
222.7
121.4
179.1
276.0
33.5
49.3
120.0
45.1
9.4
318.3
134.7
63.2
229.4
348.8
316.5
150.4
3.9
30.5
321.0
294.9
57.3
45.2
10.3
52.0
76.3
28.3
29.4
30.7
247.7
39.2
114.6
241.6
270.7
227.5
215.8
336.0
66.3
171.6
189.5
96.4
162.5
138.2
333.0
132.1
220.1
58.1
287.0
183.5
285.5
44.6
65.6
129.2
104.1
200.5
322.1
351.4
344.8
65.0
308.0
17.6
239.9
30.4
12.9
144.6
22.8
349.6
208.2
337.3
165.0
258.7
270.6
130.7
160.1
121.2
125.9
5.0
353.2
297.8
222.3
111.6
167.2
97.3
46.8
269.9
62.6
282.5
335.3
207.7
126.2
103.2
315.0
259.0
166.7
267.6
98.1
97.2
343.0
296.1
45.0
292.3
231.0
29.4
209.8
271.1
56.2
20.7
111.2
334.5
134.7
56.1
203.1
212.0
100.3
330.1
312.7
247.9
126.5
324.9
334.8
208.7
286.9
282.7
239.5
251.8
355.9
22.4
226.3
129.7
113.1
205.8
199.5
280.8
329.8
233.8
41.7
302.8
85.9
59.9
323.5
276.7
14.0
29.6
239.2
271.9
282.4
16.7
16.2
106.8
71.0
116.7
187.0
169.8
248.1
286.2
251.2
320.0
2.8
275.1
118.6
340.3
57.2
244.0
208.7
1.6
48.5
199.2
284.5
294.4
42.5
142.7
161.8
196.8
353.9
140.6
339.1
104.6
293.7
257.3
21.4
293.5
115.1
44.6
153.5
158.4
233.7
102.4
354.1
240.9
4.1
139.7
70.3
210.9
279.8
2.9
357.4
179.3
202.7
245.5
16.7
221.7
342.2
59.7
355.8
258.4
355.7
262.9
231.6
279.8
64.4
160.2
113.4
189.2
351.1
214.1
25.8
325.4
196.2
272.1
65.5
283.9
78.1
203.7
202.2
127.5
127.9
96.7
14.9
36.9
252.4
63.5
41.1
240.0
179.8
335.6
225.4
332.3
201.1
274.0
271.9
220.5
33.6
69.9
117.2
290.7
189.1
110.9
138.4
108.2
116.6
8.0
122.4
252.7
88.3
141.7
34.9
154.4
272.2
78.5
280.3
319.4
343.3
117.7
105.3
254.4
134.9
112.4
6.6
106.6
74.0
108.0
286.3
220.3
173.1
100.2
291.9
227.8
343.0
206.9
295.5
33.4
93.9
239.2
344.4
327.6
162.9
99.1
202.7
163.0
274.5
127.7
203.0
175.2
215.9
175.2
269.5
139.6
331.4
71.9
292.9
255.1
150.5
335.1
46.6
104.5
339.3
294.0
62.9
352.1
56.2
326.4
26.8
178.8
121.2
330.1
170.4
274.3
349.8
89.4
163.9
182.3
119.5
4.8
133.8
323.7
9.5
42.7
107.8
21.2
13.9
225.7
248.0
273.0
234.7
164.2
279.6
237.6
203.4
237.3
63.1
291.5
298.2
266.2
147.2
20.1
136.1
342.5
274.3
89.7
33.1
120.8
275.0
308.7
312.9
96.5
65.4
331.0
213.6
63.5
10.2
284.1
187.8
54.3
89.0
237.1
343.7
333.6
241.0
199.3
66.6
155.0
83.6
219.6
157.2
133.8
109.8
158.6
80.8
168.4
298.0
236.5
105.0
37.1
265.8
268.1
111.1
216.9
354.5
288.6
321.7
304.5
341.2
79.5
85.0
45.9
310.3
204.5
152.7
348.5
161.0
309.2
245.2
205.9
20.4
326.0
17.8
135.5
77.2
354.3
200.9
355.1
175.1
17.2
271.7
127.1
54.1
77.6
278.0
140.7
235.6
200.5
56.0
70.9
224.8
186.7
95.1
357.1
221.1
349.8
26.9
350.3
17.3
220.1
271.8
290.5
216.7
286.8
55.7
174.4
239.1
111.6
44.2
329.9
248.5
338.6
329.8
300.7
263.2
280.4
95.5
87.3
64.1
337.9
253.1
145.7
289.2
59.6
266.0
170.8
294.8
133.4
84.4
322.9
235.6
210.3
334.5
229.8
111.2
124.6
29.1
95.3
6.1
182.4
142.5
277.5
203.0
261.0
263.6
252.3
170.1
268.9
10.5
255.6
129.6
357.3
350.0
329.5
88.5
339.6
212.1
35.8
117.6
133.4
267.4
3.8
135.7
241.7
160.0
211.3
199.4
49.4
11.4
163.3
189.0
267.2
120.7
264.7
11.8
231.5
244.0
175.7
20.0
119.7
176.7
165.2
68.8
337.5
148.5
92.8
200.3
228.7
83.1
44.4
351.0
48.5
253.7
219.2
328.9
90.1
336.8
5.3
54.8
109.5
51.3
145.0
46.1
60.1
345.4
298.2
322.5
298.1
178.8
35.6
236.8
325.5
126.3
230.4
163.5
90.7
233.6
18.2
56.8
173.5
52.2
97.1
241.4
318.9
58.4
100.2
115.9
302.9
19.0
228.5
145.5
82.5
86.7
107.4
116.9
326.2
44.6
318.7
336.7
162.7
37.8
171.1
234.0
171.4
81.6
268.5
214.6
21.4
136.9
335.0
243.1
231.5
251.6
155.9
215.2
101.2
221.0
86.4
283.6
350.8
102.7
60.6
19.3
257.7
183.2
13.7
193.6
229.0
356.8
274.6
108.4
204.2
243.3
263.7
288.6
61.3
8.3
66.3
24.4
12.5
218.0
189.1
343.3
35.9
95.0
35.7
333.2
303.4
236.6
219.6
140.0
133.6
269.7
51.0
285.0
148.7
143.8
345.5
154.1
204.5
47.5
208.0
29.7
37.9
139.8
180.4
41.5
77.8
344.0
84.3
331.2
128.2
301.2
153.4
115.3
44.9
20.8
298.8
188.9
193.7
166.9
59.5
223.0
121.4
90.4
74.5
200.6
162.7
273.9
288.0
310.4
44.5
26.7
121.5
214.7
203.9
247.6
236.0
273.3
124.8
160.4
49.4
74.2
307.2
172.8
78.7
208.5
172.1
338.1
150.6
45.8
114.8
40.2
199.7
53.5
296.7
113.7
85.0
103.3
221.4
30.7
118.4
37.1
119.1
133.3
349.2
299.7
274.6
280.7
151.4
352.6
274.5
224.6
218.4
234.7
123.4
279.8
326.8
354.8
305.0
332.5
255.1
302.4
80.6
131.0
119.2
91.0
284.5
71.0
57.6
283.5
303.3
91.1
297.6
299.1
217.4
239.2
108.1
71.9
263.2
296.5
220.1
85.4
147.3
105.2
297.6
121.2
327.3
100.1
286.4
248.4
277.6
12.8
117.5
215.3
276.3
208.0
189.9
225.9
250.1
118.9
113.6
119.0
173.7
56.2
284.7
191.0
352.0
344.5
312.9
106.5
241.5
60.6
163.7
116.7
297.6
356.8
328.8
197.4
101.9
37.2
301.7
276.0
239.9
114.9
263.4
232.6
62.5
17.0
201.0
83.0
26.5
145.7
352.1
305.6
305.9
13.4
92.5
328.9
153.3
122.9
328.9
247.0
82.7
222.0
49.5
6.0
95.7
108.3
3.6
299.6
298.6
324.4
162.8
164.0
178.7
38.0
238.2
323.8
326.0
96.1
62.5
207.0
241.2
339.8
50.8
257.5
231.6
259.2
173.3
157.1
80.5
73.2
215.2
53.1
303.8
30.9
207.0
202.9
22.0
126.1
216.8
287.0
299.6
36.9
330.2
229.7
120.2
120.9
183.6
173.3
96.2
29.3
173.9
256.9
69.8
84.0
277.9
159.2
279.9
158.7
299.6
321.8
350.1
276.9
85.1
176.0
26.2
76.5
297.4
80.7
27.7
284.0
172.3
25.0
101.0
336.3
260.1
14.9
106.6
215.1
132.4
234.2
318.9
268.0
107.6
190.0
250.1
332.2
144.7
47.5
108.4
14.8
103.4
80.2
248.7
14.8
74.3
226.3
76.7
343.2
210.2
220.8
341.2
312.5
272.3
202.8
293.1
337.9
188.0
177.6
341.3
228.3
186.3
334.7
159.1
56.2
11.1
192.1
151.1
212.7
29.3
105.5
42.6
309.5
285.5
2.0
128.7
154.6
281.6
258.7
68.9
24.8
127.2
256.4
308.6
112.2
193.3
47.3
338.2
73.5
94.7
47.4
192.8
286.4
127.7
292.5
352.9
37.4
63.0
34.8
300.8
309.8
213.3
91.4
204.4
82.5
127.9
214.8
15.4
271.7
187.5
107.4
51.6
168.5
100.3
27.1
3.9
74.4
293.4
74.2
195.8
130.4
341.8
157.6
240.2
178.6
240.8
28.5
158.3
285.7
241.6
345.9
126.4
334.2
116.3
181.6
271.8
327.6
26.6
307.7
187.0
133.8
219.1
292.6
118.1
84.5
339.0
159.8
283.9
339.0
52.8
354.4
265.2
353.1
304.1
55.0
227.9
7.7
291.5
59.1
261.7
255.3
157.8
276.2
251.4
288.5
184.6
210.0
155.0
97.6
308.0
307.9
59.5
117.1
282.5
264.5
102.1
2.5
118.2
341.5
152.2
11.4
200.8
33.8
315.4
253.5
256.2
43.7
136.3
146.8
103.6
82.8
40.9
117.6
269.4
225.0
205.4
9.6
52.3
333.1
206.3
351.7
246.3
260.3
195.2
136.4
355.5
226.0
130.2
46.9
93.5
228.2
133.0
119.9
316.1
163.4
239.3
2.7
20.6
228.8
148.2
276.8
338.4
51.5
99.1
145.2
123.7
158.7
282.8
298.0
237.4
104.9
142.9
224.8
262.5
10.2
271.9
241.0
199.0
232.2
48.1
273.8
218.1
17.4
162.8
141.4
291.0
70.5
56.5
178.2
171.5
348.1
264.5
164.0
140.7
64.9
131.7
258.7
268.5
46.8
142.8
193.5
339.1
209.7
305.6
146.1
334.0
205.1
69.4
173.8
236.1
71.6
184.2
270.2
41.2
22.0
213.7
285.8
48.0
171.6
140.6
215.4
91.9
206.6
26.6
96.2
188.1
75.8
157.5
60.2
10.6
309.2
230.7
98.6
186.6
293.4
49.4
221.5
13.5
95.4
33.0
293.6
139.1
113.5
352.6
81.0
214.9
281.1
32.5
317.3
130.5
41.7
31.9
123.8
138.9
92.9
341.4
141.1
154.3
295.6
128.5
22.1
74.4
135.5
349.8
48.4
66.7
266.0
182.1
160.6
227.6
6.5
25.5
294.6
346.7
260.1
350.4
78.5
18.6
55.1
155.8
318.9
181.5
158.2
252.0
338.7
205.9
5.0
35.6
131.3
79.6
118.0
57.3
71.2
84.9
139.6
17.6
341.2
284.4
203.1
357.3
186.0
57.9
189.2
273.9
3.0
38.1
14.9
26.9
81.5
205.8
332.5
267.8
284.1
281.2
186.3
65.5
322.7
145.5
174.1
59.8
117.1
207.5
193.4
155.8
291.5
136.1
68.4
195.1
327.4
180.0
171.1
147.0
184.9
105.7
239.0
12.8
54.9
159.8
7.2
323.9
242.5
277.3
17.8
123.9
299.5
332.4
158.0
267.5
37.3
177.7
259.0
234.5
155.1
202.4
204.0
82.8
330.6
343.8
339.3
0.6
337.8
340.5
71.1
137.7
43.3
55.7
189.5
109.3
104.5
297.3
329.4
77.0
38.7
309.0
157.3
225.0
153.9
35.1
32.0
324.8
184.3
64.1
290.8
279.3
89.9
196.8
207.7
27.8
305.6
14.5
72.4
52.6
268.7
190.2
48.7
346.7
127.2
109.3
302.5
54.8
134.5
208.7
49.0
167.0
296.7
14.6
112.0
298.1
26.1
171.9
258.2
102.9
208.2
319.2
217.5
96.5
215.2
274.1
213.6
75.2
24.9
330.1
338.8
160.9
170.3
228.6
235.2
40.5
255.1
121.9
98.2
154.9
54.9
328.4
13.0
304.3
357.6
67.6
42.3
193.8
91.1
294.4
163.3
225.8
125.5
308.8
292.9
119.8
185.6
72.0
327.0
93.2
200.1
245.3
138.0
214.7
249.3
288.5
142.2
212.0
39.1
22.9
1.6
309.9
111.5
223.1
255.7
354.1
192.1
240.1
329.2
195.1
260.3
183.3
180.2
336.1
166.7
353.3
30.7
135.3
248.8
64.0
314.8
276.7
278.0
136.7
322.5
275.8
78.1
250.2
301.8
44.9
57.4
354.3
139.6
41.5
132.8
211.3
292.3
354.8
334.8
151.0
243.6
184.0
96.5
76.1
61.3
129.3
293.0
285.9
168.1
236.9
206.9
230.9
212.4
206.4
71.4
79.5
9.0
266.5
20.3
157.6
156.4
135.1
245.1
204.8
239.3
111.8
258.5
208.9
71.0
100.6
274.8
8.9
254.8
75.7
154.5
47.0
294.4
154.5
131.9
238.0
227.5
337.8
332.9
245.0
285.7
339.9
226.4
239.2
100.9
56.7
220.0
186.3
254.8
63.7
282.3
218.8
102.5
45.3
260.2
93.4
105.6
291.6
131.3
305.5
292.2
251.0
299.6
4.1
162.3
34.7
321.1
29.7
97.5
196.7
335.4
187.6
97.8
262.4
287.0
236.6
78.2
78.1
31.6
253.2
130.6
202.1
73.6
171.4
4.0
221.8
279.5
70.4
250.7
38.6
76.3
346.1
218.4
36.2
315.1
15.5
245.7
288.2
356.0
119.8
183.4
310.3
193.4
249.1
155.1
92.3
325.7
320.7
167.0
357.0
129.8
147.4
77.2
108.7
43.2
348.2
16.6
314.0
59.8
173.0
306.4
246.9
344.7
301.7
49.5
102.1
244.8
310.5
162.8
79.1
178.0
339.6
225.2
44.9
171.7
343.6
113.6
257.0
158.9
68.6
310.6
351.2
309.1
340.5
155.2
75.0
119.3
251.9
19.2
266.2
109.1
212.0
264.2
277.1
32.5
264.9
207.0
133.4
138.2
134.4
50.5
27.1
191.3
172.9
303.5
178.3
218.4
301.6
260.9
239.6
228.3
161.1
195.4
79.3
185.7
101.4
225.4
229.4
341.2
265.2
31.9
157.8
191.2
352.0
272.2
298.5
67.4
267.7
155.7
330.8
25.2
242.6
252.6
125.9
286.1
52.2
293.0
86.9
134.0
5.5
52.0
289.3
17.8
170.4
57.9
82.8
82.9
112.5
173.6
78.4
217.4
34.0
254.9
62.7
350.9
307.3
357.3
220.5
136.2
126.5
104.9
190.5
145.9
227.1
10.5
155.6
200.4
262.6
290.0
90.5
18.0
219.9
284.8
26.8
26.1
152.5
209.1
200.8
132.4
341.1
281.1
22.3
147.8
24.6
309.9
10.2
249.6
352.7
222.6
81.5
271.9
286.7
326.1
233.9
32.9
332.3
55.7
28.6
58.6
289.2
207.8
34.6
303.0
209.9
289.2
234.2
36.3
102.1
236.2
202.5
23.0
257.4
102.1
77.2
81.5
114.9
199.2
126.6
23.5
46.0
200.0
347.4
263.9
216.8
302.0
39.2
69.0
231.6
342.7
182.4
151.2
240.2
327.9
148.0
118.3
3.9
145.2
246.6
248.8
83.2
221.8
345.7
11.0
189.6
0.0
139.0
2.2
190.0
116.9
252.3
223.5
43.2
42.4
144.7
328.1
106.0
247.4
239.6
142.2
85.9
147.5
130.6
122.7
294.1
318.9
8.2
164.7
142.8
255.6
118.5
60.7
112.2
355.1
64.6
27.0
111.0
165.8
281.7
241.6
227.9
259.9
86.2
283.6
329.5
216.1
32.4
70.8
274.5
216.6
354.3
146.9
318.5
256.8
37.3
108.3
195.4
53.5
197.0
326.6
344.3
268.9
175.4
36.2
188.5
49.0
59.9
45.2
45.8
50.9
257.5
240.2
69.4
11.8
354.3
205.1
187.8
185.1
127.0
254.7
277.7
241.9
1.6
64.3
171.6
153.4
68.9
262.0
12.0
258.7
207.3
63.9
144.2
188.5
256.8
50.2
79.1
52.5
191.5
275.7
57.7
345.9
147.3
275.7
97.5
258.7
141.1
97.1
285.9
67.1
334.6
312.3
100.1
48.9
250.2
205.5
237.5
260.3
315.1
231.1
258.9
350.2
25.6
177.2
17.1
134.4
266.7
298.8
312.2
275.3
156.2
181.0
327.7
125.2
46.1
155.6
220.3
191.9
251.2
34.3
165.1
196.8
49.8
144.5
266.7
25.4
341.7
47.0
355.0
73.6
37.0
199.3
342.0
177.9
28.7
326.3
314.7
22.5
17.2
192.0
341.8
138.0
208.7
125.1
96.3
305.9
163.7
326.8
308.8
184.0
246.0
355.5
19.4
262.1
355.3
0.8
107.9
40.1
52.9
96.2
139.4
151.6
143.0
22.7
328.5
203.8
299.2
159.8
337.1
327.1
147.5
19.6
166.2
239.3
108.1
39.9
68.1
141.6
260.5
223.2
240.3
202.1
197.7
301.9
18.0
25.3
42.5
271.5
189.3
121.4
16.8
283.6
196.2
178.8
91.4
83.7
1.9
300.9
307.7
112.2
250.2
96.1
130.8
86.9
126.8
192.5
127.6
274.1
221.9
238.8
250.5
217.4
314.1
213.2
257.5
222.1
166.5
41.4
151.3
201.8
70.1
350.8
219.7
122.3
76.6
154.1
59.3
56.1
200.5
29.4
132.3
243.3
119.2
312.5
273.8
346.6
308.8
231.6
311.3
24.2
164.9
271.8
307.7
195.8
185.2
351.0
335.7
309.5
347.1
83.8
316.1
51.7
316.6
248.7
353.4
80.9
276.6
62.9
316.8
62.8
18.6
189.2
277.8
343.7
265.8
133.0
73.3
25.0
94.2
150.5
69.0
346.1
331.1
114.8
313.5
280.7
310.8
229.8
181.4
45.1
86.9
230.4
355.6
44.4
190.9
196.3
128.1
91.7
124.3
104.2
269.3
244.0
95.6
48.1
246.4
96.0
190.3
131.4
153.4
200.8
132.8
241.0
45.5
201.4
249.2
132.2
96.2
111.2
208.9
74.8
297.3
248.8
17.0
330.2
207.2
159.8
72.7
284.4
43.2
218.2
156.0
274.5
85.1
285.7
174.1
352.3
40.0
318.1
190.5
182.8
303.5
277.6
288.2
164.5
83.5
101.0
40.5
162.5
78.6
116.5
265.5
78.9
343.0
89.4
206.7
32.5
30.0
98.8
99.3
286.2
311.5
326.9
213.9
276.9
236.2
206.7
202.7
67.5
334.0
98.2
334.5
310.9
46.1
267.4
318.4
322.9
86.1
97.1
86.6
176.7
256.4
120.5
308.7
313.8
203.5
229.6
78.4
172.4
25.0
333.4
2.3
43.9
315.1
39.2
140.3
197.0
168.7
112.4
87.3
330.2
53.3
60.1
186.2
234.1
15.6
105.3
111.4
289.1
80.0
129.4
113.2
218.2
86.5
112.1
104.1
175.7
262.4
354.8
278.0
70.2
291.2
257.0
302.7
108.1
237.4
0.2
43.4
337.1
85.8
185.8
70.7
186.2
341.3
336.0
159.1
25.1
210.5
88.0
327.3
132.5
27.3
43.9
193.6
187.7
189.9
26.9
234.4
139.9
189.1
304.5
158.7
270.1
41.4
356.3
315.3
157.4
69.7
88.8
174.5
165.4
46.2
266.8
165.6
294.9
294.1
86.5
159.7
43.8
340.8
244.9
38.7
22.0
316.1
231.1
178.1
120.3
84.1
147.3
31.0
73.2
77.8
70.9
218.8
238.9
246.7
316.2
54.0
272.4
141.6
57.0
209.2
202.0
349.4
147.6
353.8
149.3
249.6
301.4
305.6
208.9
278.6
128.9
233.7
225.3
127.9
113.9
176.1
225.3
232.2
268.7
143.2
23.7
20.1
271.1
55.5
74.6
131.9
119.7
3.2
64.2
24.7
165.2
334.6
47.9
143.4
241.3
36.6
343.0
228.8
170.8
333.4
310.5
52.9
202.2
200.4
242.3
52.1
173.4
258.9
183.7
198.4
20.0
191.8
180.2
266.2
78.2
290.7
28.1
302.6
337.9
180.7
55.9
288.0
29.4
7.3
292.1
221.2
289.0
288.3
263.6
343.8
108.0
135.6
212.8
196.1
114.6
179.6
334.3
306.8
277.8
197.9
112.8
47.0
331.7
350.8
293.8
327.8
179.8
104.8
218.6
206.0
225.3
35.1
157.2
219.8
169.6
244.6
145.8
183.5
336.0
258.4
12.0
47.4
121.3
327.4
178.2
317.9
352.3
282.7
257.5
352.9
329.4
90.9
234.3
284.4
266.0
233.2
215.9
59.7
129.3
334.0
167.6
317.4
148.2
108.5
26.6
93.6
274.6
324.8
276.6
244.7
46.0
206.1
137.4
330.5
108.6
30.0
338.8
268.5
312.2
47.3
18.7
256.1
334.5
252.9
248.8
231.8
352.1
136.7
182.9
115.1
93.4
153.3
143.9
274.7
121.4
316.1
204.2
220.5
106.7
200.0
323.6
146.6
302.2
325.6
276.1
137.6
51.7
39.7
330.0
68.1
186.2
187.0
299.7
83.2
329.7
1.1
42.0
98.6
215.8
203.1
284.7
208.4
178.0
314.0
138.2
9.4
306.5
195.9
72.2
112.8
48.8
288.4
63.5
246.7
190.5
12.0
354.8
236.3
312.6
251.4
182.9
67.8
240.2
272.7
304.4
103.3
236.0
332.9
32.2
164.9
119.2
356.6
233.5
351.4
315.4
247.3
89.6
87.5
67.7
269.3
59.1
142.7
349.0
209.9
333.2
36.9
349.6
247.3
301.1
181.8
342.4
330.7
204.1
208.3
176.4
224.3
330.0
239.7
279.2
27.2
97.3
298.1
350.8
169.5
263.8
147.7
243.4
196.2
140.7
200.6
205.7
282.2
232.4
51.7
338.6
77.2
84.1
189.4
31.0
190.0
216.6
183.4
282.3
22.2
186.1
303.6
233.4
179.6
275.6
84.5
349.4
31.6
161.4
339.2
271.1
263.9
254.4
351.5
124.7
348.1
187.0
357.3
209.1
70.1
277.5
30.9
206.6
197.6
281.1
192.8
345.4
99.1
164.4
26.0
98.3
92.2
85.7
329.3
74.8
205.8
215.2
227.7
227.5
143.7
53.8
177.2
263.7
22.3
336.4
272.9
215.8
339.8
50.9
242.1
225.0
90.6
162.3
199.7
45.0
301.9
140.6
336.2
199.8
355.0
167.0
304.1
241.5
192.0
198.6
177.8
227.0
245.6
337.0
70.4
174.9
257.2
142.0
186.8
355.8
355.5
263.4
284.3
187.6
316.5
288.3
112.3
302.1
119.1
87.5
182.7
191.2
61.6
23.4
107.3
352.2
62.1
197.7
184.1
165.5
280.6
333.5
92.5
344.9
176.9
201.7
2.5
124.5
186.3
99.1
188.9
322.8
162.7
110.4
123.8
331.3
347.5
192.3
3.4
203.6
119.8
92.0
151.9
156.0
306.0
61.6
150.4
211.4
168.8
166.3
235.5
317.3
70.2
86.6
280.5
260.7
39.7
330.3
23.6
49.5
95.4
229.9
126.3
215.8
217.5
101.7
312.1
34.7
276.1
266.5
168.0
303.6
226.9
228.7
284.4
174.1
343.4
329.2
59.8
150.2
162.2
88.3
312.6
153.9
218.7
163.4
27.8
123.3
283.5
193.9
299.5
273.9
133.7
44.0
258.0
118.4
259.1
22.3
87.8
263.0
108.5
95.1
268.9
20.0
311.1
107.6
46.4
133.0
275.0
146.7
29.4
90.7
314.1
191.1
356.3
225.0
46.3
174.2
188.3
143.2
81.0
110.9
306.4
167.8
16.6
321.7
75.6
106.9
84.6
197.2
45.2
46.4
274.7
82.8
134.6
71.2
321.8
305.3
107.3
254.0
63.7
143.3
281.5
219.8
316.9
73.6
125.6
308.6
310.5
67.8
10.7
27.0
95.7
229.7
356.5
346.2
188.4
337.1
339.4
64.9
132.6
267.8
249.2
265.1
21.8
339.7
39.4
205.2
241.1
15.3
148.9
65.1
131.1
213.8
0.3
196.5
321.6
326.0
197.7
226.3
314.2
53.1
163.2
64.5
172.3
54.6
209.5
152.7
30.4
55.4
50.7
215.9
